1365462838042|0
1365462841874|1
1365464338507|2
1365464343390|1365464316942|23.13855499|113.37880434|-23.299999237060547|14.0|100.9|15.0
1365464343485|1
1365466140192|2
1365466167695|1365466119971|23.0882591|113.52106235|14.5|27.0|296.0|5.700877
1365466232165|1
1365470051390|1365466119971|23.0882591|113.52106235|14.5|27.0|296.0|5.700877
1365470072264|1
1365472623022|0
1365472627587|1
1365472967355|1365466119971|23.0882591|113.52106235|14.5|27.0|296.0|5.700877
1365472980867|1
1365473297612|2
1365473374035|1
1365481068247|2
1365481174669|1
1365481188740|0
1365481192758|1
1365482300555|0
1365482302650|1
1365484851762|0
1365484853898|1
1365486629000|0
1365486631221|1
1365486929266|2
1365486989309|1
1365488766109|1365466119971|23.0882591|113.52106235|14.5|27.0|296.0|5.700877
1365489194955|0
1365489197966|1
1365492222906|0
1365492224686|1
1365492523569|2
1365492584853|1
1365493123322|2
1365493167377|1
1365494336016|1365466119971|23.0882591|113.52106235|14.5|27.0|296.0|5.700877
1365494416824|1
1365494636270|2
1365494696313|1
1365495236057|2
1365495262040|0
1365495263977|1
1365497475205|1365466119971|23.0882591|113.52106235|14.5|27.0|296.0|5.700877
1365497480613|1
1365498234600|0
1365498236769|1
1365499605226|0
1365499607612|1
1365501976565|0
1365501979760|1
1365502876633|0
1365502878411|1
1365502878899|2
1365502938827|1
1365504855503|0
1365504857085|1
1365505267687|1365466119971|23.0882591|113.52106235|14.5|27.0|296.0|5.700877
1365505274794|1
1365506185696|2
1365506334137|1
1365508173016|1365466119971|23.0882591|113.52106235|14.5|27.0|296.0|5.700877
1365508179262|1365508149486|23.12008779|113.45212354|-3.299999952316284|18.0|287.0|19.0
1365508182585|1
1365509151653|2
1365509275108|1
1365514412907|0
1365514414836|1
1365514993629|0
1365514995978|1
1365515295991|2
1365515353881|1
1365517036860|0
1365517038875|1
