1365353044674|0
1365353046599|1
1365354912222|0
1365354914360|1
1365356772832|0
1365356774843|1
1365378073035|2
1365378081697|1365378062006|23.12103153|113.37457961|24.899999618530273|16.0|99.3|2.75
1365378103597|1
1365378704686|2
1365378713885|1365378694058|23.17071581|113.37886242|44.900001525878906|41.0|4.9|1.118034
1365378714227|1
1365382385530|1365378694058|23.17071581|113.37886242|44.900001525878906|41.0|4.9|1.118034
1365382395817|1
1365383472034|1365378694058|23.17071581|113.37886242|44.900001525878906|41.0|4.9|1.118034
1365383586384|1
1365384561532|1365378694058|23.17071581|113.37886242|44.900001525878906|41.0|4.9|1.118034
1365384618357|1
1365386040897|0
1365386042483|1
1365386101525|0
1365386103768|1
1365386487479|1365378694058|23.17071581|113.37886242|44.900001525878906|41.0|4.9|1.118034
1365386589212|1
1365386973567|0
1365386975493|1
1365388411213|0
1365388412855|1
1365388544198|0
1365388545750|1
1365393087763|2
1365393157080|1
1365394957691|0
1365394960056|1
1365395340041|1365378694058|23.17071581|113.37886242|44.900001525878906|41.0|4.9|1.118034
1365395348101|1365395327286|23.17982567|113.47196047|61.400001525878906|19.0|173.9|0.70710677
1365395350538|1
1365396181773|0
1365396183320|1
1365398965651|2
1365399089406|1
1365399205669|0
1365399207117|1
1365401789453|0
1365401793774|1
1365402949093|0
1365402954133|1
1365404067127|0
1365404071242|1
1365404430643|2
1365404491228|1
1365408816060|0
1365408818453|1
1365410277688|0
1365410279852|1
1365411432475|0
1365411435674|1
1365412301392|0
1365412303486|1
1365412528009|0
1365412530338|1
1365413509656|1365395327286|23.17982567|113.47196047|61.400001525878906|19.0|173.9|0.70710677
1365413521782|1365413499446|23.17924597|113.47179774|56.29999923706055|36.0|302.4|7.648529
1365413522944|1
1365413817617|2
1365413828695|1365413806000|23.18002528|113.47237077|24.200000762939453|26.0|154.1|2.6925824
1365413874574|1
1365415640626|2
1365415655642|1365415633000|23.13259678|113.40492479|18.700000762939453|34.0|273.0|3.25
1365415674565|1
1365416779074|0
1365416781974|1
1365417090671|2
1365417107842|1365417085000|23.13955466|113.37077204|7.900000095367432|46.0|0.0|0.0
1365417110637|1
1365421916834|0
1365421918826|1
1365423064014|0
1365423065838|1
1365423364912|2
1365423450228|1
1365429583301|0
1365429585660|1
1365429883514|2
1365429943417|1
1365430695494|0
1365430697368|1
1365431442326|0
1365431445176|1
1365435827528|0
1365435830554|1
