1366648229991|0
1366648233548|1
1366650080902|0
1366650083557|1
1366651939108|0
1366651941521|1
1366653790012|0
1366653793350|1
1366675691625|2
1366675827826|1
1366679624402|0
1366679628223|1
1366679924885|2
1366679940084|1
1366681464181|0
1366681466261|1
1366681764313|2
1366681824308|1
1366683612519|1366627195753|23.12438276|113.36135848|66.0|30.0|357.8|1.4142135
1366683616692|1
1366683912670|2
1366683972728|1
1366685845735|0
1366685847819|1
1366686867939|1366627195753|23.12438276|113.36135848|66.0|30.0|357.8|1.4142135
1366686994097|1
1366687690972|0
1366687693952|1
1366693489512|0
1366693491062|1
1366698081952|1366627195753|23.12438276|113.36135848|66.0|30.0|357.8|1.4142135
1366698104926|1
1366698382369|2
1366698442251|1
1366700525428|0
1366700528009|1
1366701193350|0
1366701195044|1
1366706492809|0
1366706494902|1
1366706802812|0
1366706804975|1
1366708041945|0
1366708044377|1
1366710121922|0
1366710124306|1
1366710434775|2
1366710557874|1
1366711022422|2
1366711039172|1366711013000|23.087931|113.52135021|20.799999237060547|13.0|0.0|0.0
1366711039355|1
1366712222161|2
1366712229937|1366712203666|23.12186855|113.4459274|5.5|21.0|285.5|19.525623
1366712230165|1
1366713173467|1366712203666|23.12186855|113.4459274|5.5|21.0|285.5|19.525623
1366713192010|1366713164651|23.12774449|113.38719302|4.699999809265137|56.0|147.7|1.118034
1366713299791|1366713272706|23.12467289|113.38595039|14.100000381469727|22.0|193.4|10.443299
1366713419262|1366713391707|23.11931215|113.38441151|-3.0|15.0|34.0|0.75
1366713539597|1366713512682|23.11955835|113.3816823|8.600000381469727|9.0|292.5|15.6285
1366713659826|1366713632685|23.12109169|113.37524447|3.700000047683716|25.0|34.1|0.559017
1366713782061|1366713754698|23.12282365|113.36748017|15.199999809265137|15.0|293.4|11.067972
1366713903791|1366713876681|23.1245641|113.3614644|21.700000762939453|36.0|95.3|2.5
1366714019619|1366713992669|23.12493256|113.36169824|33.70000076293945|22.0|336.7|3.354102
1366714020138|1
1366714073934|2
1366714133808|1
1366714422884|0
1366714425204|1
1366714796492|0
1366714798899|1
1366716593923|0
1366716595916|1
1366717500659|1366713992669|23.12493256|113.36169824|33.70000076293945|22.0|336.7|3.354102
1366717509906|1
1366717808244|1366713992669|23.12493256|113.36169824|33.70000076293945|22.0|336.7|3.354102
1366717861015|1
1366722697161|0
1366722698600|1
