1366417260255|0
1366417263545|1
1366425853244|1366373925883|23.1414381|113.37299895|21.0|4.0|336.3|13.259431
1366426153384|1
1366429168779|1366373925883|23.1414381|113.37299895|21.0|4.0|336.3|13.259431
1366429213500|1
1366430669067|2
1366430676166|1366430671418|23.12748055|113.36379354|75.0999984741211|25.0|0.0|1.118034
1366430676312|1
1366431200375|0
1366431202321|1
1366438498732|0
1366438500577|1
1366438798999|2
1366438922798|1
1366439519739|2
1366439548365|1366439539000|23.12444999|113.36263985|67.69999694824219|47.0|0.0|0.0
1366439549561|1
1366450927803|0
1366450930066|1
1366451228249|2
1366451287985|1
1366452145410|0
1366452147996|1
1366454249170|2
1366454286585|1
1366455344401|0
1366455346198|1
1366456997147|0
1366456999512|1
1366457897800|2
1366458028545|1
1366465334035|0
1366465338808|1
