1365787644651|0
1365787647165|1
1365787945349|2
1365788004826|1
1365788461147|0
1365788463225|1
1365820525459|0
1365820527751|1
1365823347908|0
1365823350450|1
1365823771738|0
1365823773625|1
1365824863663|1365780657000|23.12434921|113.36236223|52.0|50.0|0.0|0.0
1365825014577|1365825008000|23.12474862|113.36272253|41.099998474121094|62.0|0.0|0.0
1365825134634|1365825128000|23.12482208|113.36280621|65.80000305175781|137.0|0.0|0.0
1365825644875|1365825639000|23.12451097|113.36307682|65.0|124.0|0.0|0.0
1365825854969|1365825849000|23.12501026|113.36199048|60.0|146.0|0.0|0.0
1365825981707|1365825976000|23.1247042|113.36263789|64.0|46.0|0.0|0.0
1365826095075|1365826089000|23.12483327|113.36204651|59.20000076293945|83.0|0.0|0.0
1365826215134|1365826209000|23.1248665|113.36247663|60.400001525878906|146.0|0.0|0.0
1365826352731|1365826347000|23.12469858|113.36233927|60.0|64.0|0.0|0.0
1365826442764|1365826437000|23.12462895|113.36239301|35.70000076293945|48.0|0.0|0.0
1365826563764|1365826558000|23.12473146|113.36229799|38.400001525878906|55.0|0.0|0.0
1365826711773|1365826706000|23.12447207|113.36260127|29.600000381469727|62.0|0.0|0.0
1365826815420|1365826809000|23.12494166|113.36196438|12.399999618530273|168.0|0.0|0.0
1365827085529|1365827079000|23.12440908|113.36268491|40.900001525878906|144.0|0.0|0.0
1365827414932|1365827079000|23.12440908|113.36268491|40.900001525878906|144.0|0.0|0.0
1365827426231|1
1365830138782|2
1365830188057|1
1365831033065|1365827079000|23.12440908|113.36268491|40.900001525878906|144.0|0.0|0.0
1365831281742|1
1365835326162|0
1365835335476|1
1365836226396|2
1365836286433|1
1365837426560|2
1365837486683|1
1365838026541|2
1365838086422|1
1365844676391|0
1365844686947|1
1365844976749|2
1365845036820|1
1365845576874|2
1365845636565|1
1365846177025|2
1365846192745|1365846185000|23.13435238|113.3429209|14.800000190734863|9.0|0.0|0.559017
1365846192995|1
1365846776646|2
1365846836800|1
1365849076423|0
1365849078387|1
1365849376710|2
1365849383314|1365849375529|23.13693045|113.34006642|23.5|26.0|297.9|0.25
1365849383436|1
1365850576857|2
1365850583179|1365850575543|23.13872751|113.33687869|53.20000076293945|33.0|301.4|1.0
1365850583421|1
1365851124365|0
1365851127345|1
1365851429806|2
1365851437258|1365851429000|23.14021383|113.33771048|10.399999618530273|34.0|0.0|0.5
1365851437404|1
1365853224654|2
1365853284576|1
1365859408227|0
1365859410198|1
1365865677843|0
1365865679638|1
