1365700541606|0
1365700543738|1
1365700905214|0
1365700906464|1
1365701400894|0
1365701403104|1
1365727601679|0
1365727604246|1
1365729887436|0
1365729889439|1
1365734995059|0
1365734996336|1
1365736495434|2
1365736508535|1365736461169|23.12509169|113.35948521|72.5|35.0|284.5|9.058835
1365736508712|1
1365737095235|2
1365737099554|1365737052235|23.1280088|113.34328181|3.0|19.0|312.1|1.0
1365737099746|1
1365737695583|2
1365737702690|1365737655229|23.1271986|113.34052618|149.1999969482422|36.0|6.9|3.0923293
1365737703133|1
1365738504686|0
1365738506854|1
1365738805099|2
1365738814511|1365738767000|23.1276255|113.34100296|5.900000095367432|49.0|0.0|0.70710677
1365738814685|1
1365743005100|2
1365743020037|1365742972000|23.12814064|113.33795584|131.8000030517578|42.0|0.0|0.0
1365743020215|1
1365746171312|0
1365746173375|1
1365746471483|2
1365746531864|1
1365751671125|0
1365751674822|1
1365758476243|0
1365758479980|1
1365758776665|2
1365758798372|1365758749372|23.11651816|113.28099526|54.0|36.0|81.1|2.236068
1365758798565|1
1365759377592|2
1365759394451|1365759345505|23.1203332|113.28399106|20.700000762939453|49.0|334.3|0.5
1365759394619|1
1365759976688|2
1365759999076|1365759950000|23.12419293|113.28076832|18.5|46.0|9.6|2.75
1365759999342|1
1365760577112|1365759950000|23.12419293|113.28076832|18.5|46.0|9.6|2.75
1365760585059|1365760536000|23.12986549|113.29082126|11.0|13.0|30.9|3.25
1365760585254|1
1365760877744|2
1365760937805|1
1365762242584|2
1365762296176|1
1365762842677|2
1365762902778|1
1365763234531|0
1365763235949|1
1365763619437|0
1365763621643|1
1365773519684|2
1365773579691|1
1365774719668|2
1365774747056|1365774745849|23.12468371|113.36240941|99.5|29.0|318.2|1.9525625
1365774747329|1
1365774986127|0
1365774988099|1
1365780320117|0
1365780321384|1
1365780620890|2
1365780659038|1365780657000|23.12434921|113.36236223|52.0|50.0|0.0|0.0
1365780659175|1
