1365875509460|0
1365875511720|1
1365877389896|0
1365877392145|1
1365879270439|0
1365879273776|1
1365881147389|0
1365881149709|1
1365883024301|0
1365883026374|1
1365884904696|0
1365884907338|1
1365886785258|0
1365886787763|1
1365888665699|0
1365888669546|1
1365890536162|0
1365890538044|1
1365892406855|0
1365892409309|1
1365894284252|0
1365894286285|1
1365896164918|0
1365896167284|1
1365898041785|0
1365898045319|1
1365899932508|0
1365899934284|1
1365911152646|1365851429000|23.14021383|113.33771048|10.399999618530273|34.0|0.0|0.5
1365911452955|1
1365914210101|0
1365914212769|1
1365915799640|2
1365915830553|1365915814000|23.12469395|113.36170007|21.200000762939453|49.0|0.0|0.0
1365915916846|1
1365918447949|1365915814000|23.12469395|113.36170007|21.200000762939453|49.0|0.0|0.0
1365918458409|1365918445000|23.13874288|113.33792421|15.899999618530273|26.0|218.3|2.0
1365918591744|1365918578284|23.13863746|113.33694799|23.600000381469727|51.0|302.1|0.9013878
1365918707555|1365918686307|23.1384265|113.33588881|148.39999389648438|32.0|359.4|1.118034
1365918816414|1365918803307|23.137926|113.33566234|236.89999389648438|36.0|224.4|3.354102
1365919381238|1
1365920609940|2
1365920611004|1
1365921748150|2
1365921808351|1
1365923107615|0
1365923109172|1
1365925872683|2
1365925888923|1
1365927295438|0
1365927297110|1
1365927661679|2
1365927735671|1365927657510|23.13181055|113.32459124|94.5|32.0|300.9|3.0923293
1365927735817|1
1365927867343|0
1365927868949|1
1365930688817|1365927657510|23.13181055|113.32459124|94.5|32.0|300.9|3.0923293
1365930709477|1365930695000|23.13311747|113.32498629|70.69999694824219|50.0|315.9|0.5
1365930709608|1
1365930988640|2
1365931007737|1365930994000|23.13182846|113.3242513|-0.30000001192092896|64.0|0.0|0.0
1365931007955|1
1365932625311|0
1365932627037|1
1365932970636|2
1365932976592|1365932962465|23.13166262|113.32520222|36.70000076293945|25.0|30.7|2.5
1365932976764|1
1365933841106|0
1365933844649|1
1365934159582|2
1365934189527|1365934152450|23.12061624|113.35856424|35.70000076293945|48.0|326.3|1.75
1365934189745|1
1365935941510|2
1365935948370|1365935934418|23.12197453|113.35935467|5.900000095367432|39.0|148.1|12.539936
1365935948560|1
1365936367091|0
1365936369261|1
1365938734633|0
1365938738954|1
1365939035195|2
1365939041155|1365939026421|23.12407833|113.36861862|-25.0|18.0|156.7|1.677051
1365939041332|1
1365941937237|0
1365941940774|1
1365942966633|0
1365942968470|1
1365954074971|1365939026421|23.12407833|113.36861862|-25.0|18.0|156.7|1.677051
1365954127032|1
