1367166951351|0
1367166953036|1
1367171130975|0
1367171133462|1
1367173562734|0
1367173566073|1
1367198182964|0
1367198184640|1
1367200083638|0
1367200085371|1
1367202162804|0
1367202164796|1
1367202504918|0
1367202508202|1
1367206446528|1367146723035|23.11129616|113.39786165|-6.900000095367432|21.0|295.7|8.25
1367206476677|1367206448000|23.12326099|113.36712408|4.699999809265137|30.0|0.0|0.0
1367206547064|1
1367206775695|2
1367206816770|1
1367208363323|0
1367208365011|1
1367208665546|2
1367208787448|1
1367209610566|0
1367209612649|1
1367210007625|0
1367210011779|1
1367222253275|0
1367222256975|1
1367229098906|1367206448000|23.12326099|113.36712408|4.699999809265137|30.0|0.0|0.0
1367229114130|1367229085751|23.09063151|113.38541498|4.699999809265137|11.0|31.8|2.1360009
1367229348628|1367229327759|23.08996771|113.38698509|13.0|19.0|71.0|0.5
1367229473061|1367229451788|23.08922115|113.38706185|15.100000381469727|39.0|155.4|2.5124688
1367229611269|1367229567720|23.08929258|113.38456115|-298.29998779296875|33.0|286.7|1.0307764
1367229710701|1367229688828|23.08826003|113.38617434|-1.7999999523162842|25.0|243.5|0.25
1367229828686|1367229806846|23.08779141|113.38569631|8.5|13.0|173.5|1.118034
1367229949744|1367229929000|23.08744879|113.38548177|-7.800000190734863|10.0|165.1|1.25
1367230070151|1367230049001|23.08681158|113.38544978|-17.100000381469727|17.0|115.7|0.559017
1367230183686|1367230162782|23.08659501|113.38619903|-52.099998474121094|16.0|45.0|51.08877
1367230304923|1367230284000|23.08621416|113.38592144|-11.899999618530273|24.0|0.0|0.0
1367230428990|1367230407781|23.08638681|113.38591457|-3.5|9.0|308.0|0.25
1367230549830|1367230525000|23.08624259|113.38565717|33.400001525878906|39.0|0.0|0.0
1367230665900|1367230645786|23.0863738|113.38584772|7.400000095367432|19.0|330.3|0.25
1367230784897|1367230764779|23.08635101|113.38577556|-32.0|12.0|0.0|0.0
1367230905899|1367230885794|23.08629347|113.3859968|-5.5|15.0|310.9|0.559017
1367231025006|1367231004780|23.08631627|113.38582455|7.5|8.0|281.1|0.25
1367231144945|1367231124779|23.08622424|113.3860122|-13.800000190734863|17.0|126.2|0.25
1367231264951|1367231244774|23.086295|113.38594749|-14.199999809265137|11.0|0.0|0.0
1367231384933|1367231364777|23.08633769|113.38588503|-24.899999618530273|14.0|323.6|0.559017
1367231503176|1367231483000|23.08642792|113.38582373|-8.300000190734863|15.0|0.0|0.0
1367231623195|1367231603000|23.08634033|113.38581811|6.599999904632568|6.0|0.0|0.0
1367231744949|1367231724749|23.08629764|113.3858761|-32.900001525878906|11.0|33.1|1.4142135
1367231864939|1367231844770|23.08629499|113.38592064|-16.399999618530273|14.0|298.9|2.828427
1367231983962|1367231963791|23.08632281|113.38580812|9.5|4.0|138.9|3.0516388
1367232106970|1367232086761|23.08627364|113.38596085|0.0|18.0|0.0|0.0
1367232227030|1367232206770|23.08638554|113.38589841|-16.200000762939453|12.0|243.7|0.70710677
1367233314639|1367232206770|23.08638554|113.38589841|-16.200000762939453|12.0|243.7|0.70710677
1367233321984|1367233299675|23.0862386|113.38595927|1.0|9.0|0.0|0.5
1367233439891|1367233418782|23.08627579|113.38595001|-76.80000305175781|12.0|127.6|61.92586
1367233605546|1367233538783|23.08642|113.3859739|-51.20000076293945|18.0|0.0|0.0
1367233679880|1367233658791|23.08660598|113.38595277|25.200000762939453|16.0|9.3|22.638462
1367233887696|1367233778763|23.08620412|113.38600512|40.20000076293945|8.0|9.3|0.5
1367233929594|1367233898788|23.08631124|113.38638066|70.0|15.0|92.9|52.75237
1367234158395|1367234138000|23.08629242|113.38592212|60.599998474121094|18.0|0.0|0.0
1367234399704|1367234378796|23.08639909|113.38600662|-41.70000076293945|16.0|0.0|0.0
1367234520347|1367234498805|23.08649929|113.38602877|-67.4000015258789|15.0|0.0|0.0
1367234641731|1367234620809|23.08599217|113.38630057|5.800000190734863|21.0|103.9|2.7041636
1367234763209|1367234741794|23.08625276|113.38603356|5.699999809265137|10.0|103.9|0.559017
1367234892358|1367234871000|23.08624997|113.38567631|-70.0999984741211|50.0|0.0|0.0
1367235001870|1367234980000|23.08571888|113.38666486|15.600000381469727|18.0|135.6|37.75
1367235125793|1367235102796|23.08551464|113.38574136|-421.1000061035156|39.0|0.0|0.0
1367235246537|1367235220807|23.08632713|113.38594041|36.79999923706055|8.0|0.0|0.0
1367235405555|1367235341799|23.08658656|113.38564056|34.400001525878906|10.0|281.9|1.8027756
1367235482222|1367235460000|23.08703898|113.38529951|22.899999618530273|23.0|0.0|0.0
1367235723425|1367235702823|23.08861637|113.38647604|37.400001525878906|18.0|273.7|0.70710677
1367235841662|1367235820790|23.08960375|113.38680618|18.899999618530273|9.0|26.0|1.9525625
1367235962623|1367235941803|23.09012186|113.3866177|7.400000095367432|14.0|282.5|0.70710677
1367236081622|1367236060807|23.09055799|113.38556591|20.0|14.0|337.7|1.0
1367236203653|1367236182826|23.09104837|113.3846282|21.299999237060547|19.0|263.3|1.4142135
1367236321666|1367236300806|23.09147617|113.38401796|10.300000190734863|10.0|253.2|3.25
1367236443652|1367236422783|23.09310924|113.38403128|13.5|19.0|59.7|7.5
1367236563682|1367236542795|23.09931719|113.38200857|12.800000190734863|26.0|317.0|0.25
1367236683679|1367236662817|23.10058784|113.3744151|-12.600000381469727|19.0|271.4|3.5
1367236802688|1367236781801|23.11047664|113.36866083|36.70000076293945|8.0|2.3|15.757935
1367236923725|1367236902825|23.12334546|113.37032649|34.099998474121094|19.0|169.9|11.75
1367237043731|1367237022816|23.12621547|113.35510541|49.5|21.0|284.0|17.00735
1367237172756|1367237151817|23.12850659|113.33672275|263.20001220703125|27.0|322.0|11.672618
1367237295009|1367237274000|23.12916014|113.32087197|182.0|37.0|273.6|9.25
1367237413932|1367237393000|23.13171989|113.31148755|48.29999923706055|18.0|0.0|0.0
1367237528769|1367237507000|23.13178848|113.30709832|-21.600000381469727|40.0|15.8|1.0307764
1367237700313|1367237507000|23.13178848|113.30709832|-21.600000381469727|40.0|15.8|1.0307764
1367237720814|1367237699839|23.12755451|113.2922253|55.70000076293945|47.0|254.1|17.18284
1367237829764|1367237808844|23.12683723|113.28846193|111.4000015258789|38.0|342.5|7.25
1367237949796|1367237928846|23.12885912|113.28126586|44.599998474121094|38.0|284.8|7.5
1367238067983|1367238047000|23.12963207|113.27456632|63.599998474121094|8.0|0.0|0.0
1367238190964|1367238169829|23.12980305|113.27697872|59.29999923706055|25.0|96.5|4.527693
1367238310836|1367238289848|23.12990057|113.27693647|60.599998474121094|26.0|82.7|1.25
1367238428848|1367238407857|23.13363434|113.28493233|100.9000015258789|33.0|87.9|14.5
1367238548875|1367238527856|23.1340292|113.30088401|50.79999923706055|31.0|107.0|13.72953
1367238671885|1367238650880|23.13054956|113.31599705|96.5|35.0|95.7|10.049875
1367238810027|1367238789000|23.12913964|113.33017631|-11.199999809265137|52.0|87.2|9.25
1367238908879|1367238887843|23.12852993|113.34158597|17.5|26.0|94.2|12.75
1367239029886|1367239008842|23.12479801|113.3607152|68.4000015258789|31.0|111.2|13.152946
1367239148921|1367239127866|23.12360533|113.36955807|6.199999809265137|22.0|3.8|8.764274
1367239270928|1367239249872|23.12449609|113.36188257|23.899999618530273|18.0|40.8|2.5
1367239508992|1
1367239747622|0
1367239750315|1
1367241858857|1367239249872|23.12449609|113.36188257|23.899999618530273|18.0|40.8|2.5
1367241866033|1
1367249110700|0
1367249113344|1
