1367082052524|0
1367082055061|1
1367105302362|0
1367105304512|1
1367105602665|2
1367105662666|1
1367107402481|2
1367107411389|1367107400589|23.08830572|113.52325453|3.200000047683716|13.0|39.7|1.4142135
1367107411892|1
1367107821246|0
1367107823026|1
1367111994165|0
1367111996707|1
1367113672622|1367107400589|23.08830572|113.52325453|3.200000047683716|13.0|39.7|1.4142135
1367113678172|1
1367115604063|0
1367115605407|1
1367117602825|0
1367117605102|1
1367119524943|0
1367119527734|1
1367120347846|0
1367120349083|1
1367120960775|0
1367120963761|1
1367121261102|2
1367121320978|1
1367127860922|2
1367127869194|1367127856000|23.09025366|113.52171356|16.5|11.0|200.2|1.0307764
1367127869379|1
1367128460906|2
1367128520999|1
1367129236911|0
1367129238761|1
1367131337094|2
1367131373838|1
1367132423246|0
1367132425464|1
1367133799846|1367127856000|23.09025366|113.52171356|16.5|11.0|200.2|1.0307764
1367133945341|1
1367135658932|0
1367135661460|1
1367135724842|0
1367135726507|1
1367136625080|2
1367136685084|1
1367138310331|0
1367138313505|1
1367138610649|2
1367138670506|1
1367139309819|1367127856000|23.09025366|113.52171356|16.5|11.0|200.2|1.0307764
1367139439708|1
1367143268349|1367127856000|23.09025366|113.52171356|16.5|11.0|200.2|1.0307764
1367143275286|1367143261975|23.0850094|113.51037139|73.19999694824219|30.0|0.0|0.0
1367143393358|1367143379990|23.08541509|113.50210987|0.4000000059604645|10.0|273.7|3.2882366
1367143515339|1367143501987|23.08650339|113.49187775|3.700000047683716|14.0|302.6|12.369317
1367143914305|1367143501987|23.08650339|113.49187775|3.700000047683716|14.0|302.6|12.369317
1367143920978|1367143907000|23.0978391|113.47033526|-28.799999237060547|18.0|0.0|0.0
1367144038042|1367144024014|23.10121417|113.46458972|-12.300000190734863|11.0|305.9|3.4003677
1367144160087|1367144146007|23.10408753|113.46275516|-13.600000381469727|16.0|15.6|5.700877
1367144291069|1367144277000|23.1060844|113.46310767|-9.5|39.0|0.0|0.0
1367144401069|1367144387009|23.10855435|113.4565985|-10.800000190734863|16.0|282.5|0.75
1367144520394|1367144506030|23.10920669|113.45285204|-9.600000381469727|11.0|3.1|8.5
1367144643131|1367144629042|23.10887424|113.45061454|-10.0|24.0|84.8|3.0
1367144764109|1367144750010|23.10905972|113.45052366|-8.300000190734863|19.0|289.6|3.75
1367144883132|1367144869006|23.1089508|113.44952416|-16.200000762939453|28.0|303.2|2.0
1367144957288|1
1367145414672|2
1367145427195|1367145413000|23.10823578|113.44547986|41.599998474121094|24.0|60.9|3.1622777
1367145427380|1
1367145827241|0
1367145829201|1
1367146727445|2
1367146737331|1367146723035|23.11129616|113.39786165|-6.900000095367432|21.0|295.7|8.25
1367146737486|1
1367147927467|2
1367147987529|1
1367149397304|0
1367149400134|1
1367150896356|0
1367150898899|1
1367154555376|0
1367154557377|1
1367154855693|2
1367154915558|1
