1366476723781|0
1366476725353|1
1366483127078|0
1366483129891|1
1366484955443|0
1366484958425|1
1366487404045|0
1366487405689|1
1366489905079|0
1366489906987|1
1366491763231|0
1366491766305|1
1366493644534|0
1366493648095|1
1366496706042|0
1366496709121|1
1366498543125|0
1366498545732|1
1366500403767|0
1366500406288|1
1366502244552|0
1366502247811|1
1366504105084|0
1366504108937|1
1366505946065|0
1366505948528|1
1366508406730|0
1366508409209|1
1366510552627|2
1366510583054|1366510570000|23.12872617|113.34335779|-19.700000762939453|49.0|270.6|11.5
1366510587179|1
1366511113457|1366510570000|23.12872617|113.34335779|-19.700000762939453|49.0|270.6|11.5
1366511121116|1366511110056|23.13138527|113.32512003|2.4000000953674316|17.0|210.6|1.0307764
1366511137093|1
1366511479535|2
1366511550664|1
1366512197655|2
1366512259687|1
1366514510659|1366511110056|23.13138527|113.32512003|2.4000000953674316|17.0|210.6|1.0307764
1366514546117|1
1366514820604|2
1366514891045|1
1366517810887|2
1366517948606|1
1366518138510|0
1366518140691|1
1366522101705|2
1366522362124|1
1366522977911|0
1366522979433|1
1366523278412|2
1366523338094|1
1366527001434|0
1366527003974|1
1366527902690|2
1366527915309|1366527903000|23.1377626|113.33413895|255.89999389648438|48.0|0.0|0.0
1366527915585|1
1366529101829|2
1366529161641|1
1366530187900|0
1366530190481|1
1366531688385|2
1366531696901|1366531684262|23.13205412|113.32361488|36.5|14.0|199.2|1.118034
1366531697104|1
1366532288043|2
1366532348115|1
1366534688278|2
1366534748148|1
1366536732576|0
1366536734969|1
1366537032960|2
1366537055404|1366537042308|23.13108321|113.32411763|5.099999904632568|18.0|199.2|1.118034
1366537055764|1
1366537632834|2
1366537644133|1366537631000|23.12974171|113.32716547|-45.400001525878906|5.0|263.8|5.5226803
1366537644392|1
1366538641291|0
1366538644565|1
1366543271356|0
1366543273545|1
1366543565180|0
1366543567540|1
1366547737585|0
1366547740179|1
1366557157558|1366537631000|23.12974171|113.32716547|-45.400001525878906|5.0|263.8|5.5226803
1366557164907|1
