1365179152305|0
1365179154818|1
1365180881936|1365155461000|23.12384583|113.36176489|277.70001220703125|36.0|172.2|0.70710677
1365181182151|1
1365211458914|0
1365211461256|1
1365213867919|1365155461000|23.12384583|113.36176489|277.70001220703125|36.0|172.2|0.70710677
1365213914533|1
1365216495569|0
1365216499083|1
1365216795954|2
1365216841999|1
1365218976168|0
1365218978658|1
1365219276590|2
1365219336365|1
1365220476711|2
1365220524091|1365220517334|23.12786694|113.34497298|133.89999389648438|39.0|176.5|0.75
1365220524338|1
1365221076500|2
1365221082058|1365221075289|23.12481793|113.36849829|-10.100000381469727|24.0|187.3|13.756817
1365221082284|1
1365221676545|2
1365221736424|1
1365222276368|2
1365222336418|1
1365224741696|2
1365224872734|1
1365225321611|2
1365225330628|1
1365231726464|0
1365231728124|1
1365241370716|0
1365241373537|1
1365241675317|2
1365241691294|1365241683521|23.12336274|113.3620051|98.19999694824219|59.0|109.7|0.5
1365241701701|1
1365242639672|0
1365242642173|1
1365244740046|2
1365244747024|1365244738565|23.12499171|113.36130545|146.0|9.0|0.0|0.0
1365244747212|1
1365244863503|0
1365244866194|1
1365245164271|2
1365245170038|1365245161547|23.12499994|113.36226881|60.79999923706055|29.0|356.5|1.3462912
1365245170218|1
1365245763842|2
1365245771371|1365245762513|23.12665939|113.3630455|43.599998474121094|26.0|0.0|0.0
1365245771750|1
1365246366933|2
1365246384283|1365246375577|23.12869854|113.36433469|89.0|55.0|236.3|0.5
1365246384534|1
1365246963974|2
1365246980567|1365246964000|23.12496582|113.36187978|91.5999984741211|28.0|312.6|0.5
1365246986707|1
1365247577811|2
1365247701539|1
1365262175891|0
1365262179154|1
