1365267087122|0
1365267088864|1
1365291390845|2
1365291405352|1365291393221|23.13480177|113.3711169|-30.799999237060547|35.0|354.0|14.020075
1365291405500|1
1365293187461|2
1365293247394|1
1365294651377|1365291393221|23.13480177|113.3711169|-30.799999237060547|35.0|354.0|14.020075
1365294674904|1
1365294951609|2
1365295011630|1
1365297770245|0
1365297771902|1
1365298070805|2
1365298073743|1
1365298248819|0
1365298250773|1
1365300414740|2
1365300525318|1
1365301739565|0
1365301741745|1
1365302039843|2
1365302099854|1
1365304690697|1365291393221|23.13480177|113.3711169|-30.799999237060547|35.0|354.0|14.020075
1365304823068|1
1365309064208|0
1365309066555|1
1365309267944|0
1365309270410|1
1365310889761|1365291393221|23.13480177|113.3711169|-30.799999237060547|35.0|354.0|14.020075
1365311193774|1
1365314320897|0
1365314324697|1
1365314621102|2
1365314681014|1
1365319396354|0
1365319398553|1
1365319696669|2
1365319756687|1
1365320296597|2
1365320356574|1
1365323305884|2
1365323395715|1
1365323963957|2
1365324105854|1
1365328099893|1365291393221|23.13480177|113.3711169|-30.799999237060547|35.0|354.0|14.020075
1365328103142|1
1365329334374|1365291393221|23.13480177|113.3711169|-30.799999237060547|35.0|354.0|14.020075
1365329634905|1
1365332421985|0
1365332425198|1
1365335722181|2
1365335782114|1
1365338082276|1365291393221|23.13480177|113.3711169|-30.799999237060547|35.0|354.0|14.020075
1365338088716|1365338072661|23.08881799|113.52244372|-17.0|16.0|160.3|1.118034
1365338209700|1365338193663|23.08894117|113.52285419|-7.400000095367432|22.0|231.8|2.0615528
1365338337712|1365338321670|23.08587169|113.51366174|-23.5|14.0|254.4|12.658989
1365338456711|1365338440000|23.08550097|113.50176071|-50.599998474121094|16.0|275.6|11.294357
1365338576732|1365338560674|23.08713416|113.49108232|-61.599998474121094|45.0|305.8|22.276669
1365338698098|1365338682000|23.09465226|113.47718631|-12.199999809265137|48.0|313.2|4.75
1365338849095|1365338833000|23.10004917|113.4625008|25.399999618530273|58.0|293.8|8.0
1365338937113|1365338921000|23.1013946|113.45973156|27.399999618530273|48.0|297.2|13.0
1365339207586|1365339187691|23.10393216|113.44241007|28.700000762939453|25.0|81.5|1.4142135
1365339287238|1365339271696|23.10396479|113.44223062|28.700000762939453|14.0|81.5|2.1360009
1365339307348|1
1365339608864|1365339271696|23.10396479|113.44223062|28.700000762939453|14.0|81.5|2.1360009
1365339613927|1365339598722|23.10399399|113.44245939|1.7999999523162842|18.0|341.0|0.75
1365339614136|1
1365339909136|2
1365339916994|1365339901682|23.10008885|113.44350291|51.400001525878906|11.0|163.4|4.6970735
1365339917137|1
1365342652802|0
1365342655044|1
