1364659389165|0
1364659392244|1
1364660044250|0
1364660046607|1
1364661826930|0
1364661828905|1
1364691914716|0
1364691916347|1
1364695215070|2
1364695223298|1364695209992|23.12496493|113.36116446|82.69999694824219|28.0|212.8|4.924429
1364695223475|1
1364696415159|2
1364696431353|1364696418000|23.13187117|113.32692899|3.9000000953674316|42.0|0.0|0.0
1364696431541|1
1364697015071|2
1364697024434|1364697011000|23.13118136|113.32479108|80.0999984741211|18.0|0.0|0.0
1364697024616|1
1364697616036|2
1364697624669|1364697611000|23.12532576|113.32814151|28.600000381469727|36.0|178.0|15.75
1364697635690|1
1364698216770|2
1364698223275|1364698210063|23.1407902|113.37181902|78.69999694824219|24.0|92.5|11.0
1364698223639|1
1364700332965|0
1364700334836|1
1364703633338|2
1364703665307|1
1364705616615|0
1364705620008|1
1364707717209|2
1364707776775|1
1364712145332|0
1364712147186|1
1364712278309|2
1364712288285|1
1364716110720|2
1364716148362|1364716133000|23.13652729|113.3302473|120.80000305175781|49.0|199.1|3.25
1364716225894|1
1364716762729|2
1364716792856|1364716755527|23.13155934|113.32866782|49.79999923706055|24.0|263.1|2.0615528
1364716894635|1364716878522|23.13145195|113.32700502|76.30000305175781|40.0|271.2|7.0
1364717059640|1364717009528|23.13149499|113.32578035|79.80000305175781|41.0|113.2|0.75
1364717139483|1364717123534|23.13135717|113.32453799|78.5|45.0|281.7|1.5
1364717334846|1364717252548|23.13135454|113.3246367|-48.0|66.0|332.8|1.0307764
1364717379473|1364717364000|23.1310538|113.32444388|65.0|37.0|0.0|0.0
1364717503411|1364717488000|23.1311855|113.32481417|94.30000305175781|46.0|290.4|2.5495098
1364717644820|1
1364717845570|2
1364717848296|1
1364724476646|2
1364724599159|1
1364725943717|0
1364725945567|1
1364726289673|2
1364726428639|1
1364729843849|2
1364729903985|1
1364730443836|2
1364730503875|1
1364733457620|2
1364733459323|1
1364735064916|0
1364735067994|1
1364735340289|0
1364735341838|1
1364737737357|0
1364737738833|1
