timestamp,hour_of_day,day_of_week,latitude,longitude,original-data
1367206446528,12,Monday,23.11129616,113.39786165,1
1367206447414,12,Monday,23.11122,113.39777,0
1367206448300,12,Monday,23.11125,113.39774,0
1367206449186,12,Monday,23.11149,113.3975,0
1367206450072,12,Monday,23.11194,113.39713,0
1367206450958,12,Monday,23.11267,113.39646,0
1367206451844,12,Monday,23.11307,113.39605,0
1367206452730,12,Monday,23.11341,113.39563,0
1367206453616,12,Monday,23.1136,113.39537,0
1367206454502,12,Monday,23.11404,113.39469,0
1367206455388,12,Monday,23.11436,113.39408,0
1367206456274,12,Monday,23.11489,113.39273,0
1367206457160,12,Monday,23.1157,113.39053,0
1367206458046,12,Monday,23.11588,113.38997,0
1367206458932,12,Monday,23.11612,113.38922,0
1367206459818,12,Monday,23.1166,113.38798,0
1367206460704,12,Monday,23.11723,113.38622,0
1367206461590,12,Monday,23.11758,113.3848,0
1367206462476,12,Monday,23.11824,113.38193,0
1367206463362,12,Monday,23.11881,113.37948,0
1367206464248,12,Monday,23.11915,113.37824,0
1367206465134,12,Monday,23.11941,113.37714,0
1367206466020,12,Monday,23.11948,113.37649,0
1367206466906,12,Monday,23.11985,113.37499,0
1367206467792,12,Monday,23.11997,113.37451,0
1367206468678,12,Monday,23.12045,113.37249,0
1367206469564,12,Monday,23.12116,113.36965,0
1367206470450,12,Monday,23.12167,113.3678,0
1367206471336,12,Monday,23.12176,113.3675,0
1367206472222,12,Monday,23.12282,113.36814,0
1367206473108,12,Monday,23.1236,113.36861,0
1367206473994,12,Monday,23.12374,113.36871,0
1367206474880,12,Monday,23.12373,113.36836,0
1367206475766,12,Monday,23.12375,113.36763,0
1367206476677,12,Monday,23.12326099,113.36712408,1
1367229098906,18,Monday,23.12326099,113.36712408,1
1367229099077,18,Monday,23.12375,113.36763,0
1367229099248,18,Monday,23.12394,113.36752,0
1367229099419,18,Monday,23.12413,113.36746,0
1367229099590,18,Monday,23.12424,113.36746,0
1367229099761,18,Monday,23.12427,113.36839,0
1367229099932,18,Monday,23.12428,113.3691,0
1367229100103,18,Monday,23.12436,113.36917,0
1367229100274,18,Monday,23.12447,113.36931,0
1367229100445,18,Monday,23.12469,113.36969,0
1367229100616,18,Monday,23.12498,113.37025,0
1367229100787,18,Monday,23.12513,113.37059,0
1367229100958,18,Monday,23.1252,113.37084,0
1367229101129,18,Monday,23.12525,113.37113,0
1367229101300,18,Monday,23.12527,113.37133,0
1367229101471,18,Monday,23.12523,113.37174,0
1367229101642,18,Monday,23.12501,113.37271,0
1367229101813,18,Monday,23.12469,113.37417,0
1367229101984,18,Monday,23.12345,113.37419,0
1367229102155,18,Monday,23.12306,113.37428,0
1367229102326,18,Monday,23.12236,113.37442,0
1367229102497,18,Monday,23.12216,113.37445,0
1367229102668,18,Monday,23.12198,113.37449,0
1367229102839,18,Monday,23.1218,113.37449,0
1367229103010,18,Monday,23.12138,113.37451,0
1367229103181,18,Monday,23.12108,113.37454,0
1367229103352,18,Monday,23.12094,113.37458,0
1367229103523,18,Monday,23.12035,113.37463,0
1367229103694,18,Monday,23.12019,113.37463,0
1367229103865,18,Monday,23.11966,113.37457,0
1367229104036,18,Monday,23.11942,113.37451,0
1367229104207,18,Monday,23.11918,113.37443,0
1367229104378,18,Monday,23.11876,113.37427,0
1367229104549,18,Monday,23.11851,113.3742,0
1367229104720,18,Monday,23.11811,113.3742,0
1367229104891,18,Monday,23.11772,113.37425,0
1367229105062,18,Monday,23.11718,113.37437,0
1367229105233,18,Monday,23.11616,113.3743,0
1367229105404,18,Monday,23.11574,113.3743,0
1367229105575,18,Monday,23.11482,113.37433,0
1367229105746,18,Monday,23.11365,113.37435,0
1367229105917,18,Monday,23.11326,113.37433,0
1367229106088,18,Monday,23.11187,113.37424,0
1367229106259,18,Monday,23.10966,113.37409,0
1367229106430,18,Monday,23.1069,113.37393,0
1367229106601,18,Monday,23.10426,113.37381,0
1367229106772,18,Monday,23.10183,113.37367,0
1367229106943,18,Monday,23.0985,113.3735,0
1367229107114,18,Monday,23.09815,113.37349,0
1367229107285,18,Monday,23.09777,113.37348,0
1367229107456,18,Monday,23.09772,113.37344,0
1367229107627,18,Monday,23.0976,113.37338,0
1367229107798,18,Monday,23.09751,113.37335,0
1367229107969,18,Monday,23.09739,113.37326,0
1367229108140,18,Monday,23.09732,113.37317,0
1367229108311,18,Monday,23.09728,113.37306,0
1367229108482,18,Monday,23.09728,113.37286,0
1367229108653,18,Monday,23.09731,113.37278,0
1367229108824,18,Monday,23.0974,113.37265,0
1367229108995,18,Monday,23.09753,113.37255,0
1367229109166,18,Monday,23.09762,113.37253,0
1367229109337,18,Monday,23.09776,113.37253,0
1367229109508,18,Monday,23.09789,113.3726,0
1367229109679,18,Monday,23.09798,113.37268,0
1367229109850,18,Monday,23.09807,113.37286,0
1367229110021,18,Monday,23.09817,113.3731,0
1367229110192,18,Monday,23.09815,113.37349,0
1367229110363,18,Monday,23.09812,113.37451,0
1367229110534,18,Monday,23.09805,113.37587,0
1367229110705,18,Monday,23.098,113.37636,0
1367229110876,18,Monday,23.09793,113.37776,0
1367229111047,18,Monday,23.09784,113.37989,0
1367229111218,18,Monday,23.09742,113.37994,0
1367229111389,18,Monday,23.09602,113.38022,0
1367229111560,18,Monday,23.09574,113.3803,0
1367229111731,18,Monday,23.09556,113.38041,0
1367229111902,18,Monday,23.09442,113.3804,0
1367229112073,18,Monday,23.09424,113.3803,0
1367229112244,18,Monday,23.094,113.38006,0
1367229112415,18,Monday,23.0939,113.38051,0
1367229112586,18,Monday,23.09371,113.38117,0
1367229112757,18,Monday,23.09338,113.38205,0
1367229112928,18,Monday,23.09318,113.3825,0
1367229113099,18,Monday,23.09286,113.38311,0
1367229113270,18,Monday,23.09255,113.38362,0
1367229113441,18,Monday,23.09218,113.38415,0
1367229113612,18,Monday,23.09175,113.38469,0
1367229113783,18,Monday,23.09144,113.38503,0
1367229113954,18,Monday,23.09079,113.38563,0
1367229114130,18,Monday,23.09063151,113.38541498,1
1367229119849,18,Monday,23.09079,113.38563,0
1367229125568,18,Monday,23.08889,113.3873,0
1367229131287,18,Monday,23.08882,113.38739,0
1367229137006,18,Monday,23.08953,113.38828,0
1367229142725,18,Monday,23.08972,113.38845,0
1367229148444,18,Monday,23.09001,113.38877,0
1367229154163,18,Monday,23.0903,113.38913,0
1367229159882,18,Monday,23.09091,113.38985,0
1367229165601,18,Monday,23.09102,113.38987,0
1367229171320,18,Monday,23.09124,113.38986,0
1367229177039,18,Monday,23.0916,113.3899,0
1367229182758,18,Monday,23.09171,113.38989,0
1367229188477,18,Monday,23.09177,113.38985,0
1367229194196,18,Monday,23.09219,113.3893,0
1367229199915,18,Monday,23.09227,113.38918,0
1367229205634,18,Monday,23.09235,113.38902,0
1367229211353,18,Monday,23.09228,113.38894,0
1367229217072,18,Monday,23.09215,113.38886,0
1367229222791,18,Monday,23.09148,113.38832,0
1367229228510,18,Monday,23.09138,113.3882,0
1367229234229,18,Monday,23.09131,113.38805,0
1367229239948,18,Monday,23.09123,113.38784,0
1367229245667,18,Monday,23.0912,113.38767,0
1367229251386,18,Monday,23.09119,113.38754,0
1367229257105,18,Monday,23.0912,113.38742,0
1367229262824,18,Monday,23.09114,113.38748,0
1367229268543,18,Monday,23.09103,113.38762,0
1367229274262,18,Monday,23.09095,113.38772,0
1367229279981,18,Monday,23.09091,113.38774,0
1367229285700,18,Monday,23.09083,113.38774,0
1367229291419,18,Monday,23.09075,113.38772,0
1367229297138,18,Monday,23.09069,113.38765,0
1367229302857,18,Monday,23.09064,113.38759,0
1367229308576,18,Monday,23.09062,113.38752,0
1367229314295,18,Monday,23.09074,113.38727,0
1367229320014,18,Monday,23.09063,113.38724,0
1367229325733,18,Monday,23.09052,113.38722,0
1367229331452,18,Monday,23.09041,113.38722,0
1367229337171,18,Monday,23.09033,113.38724,0
1367229342890,18,Monday,23.09021,113.38731,0
1367229348628,18,Monday,23.08996771,113.38698509,1
1367229351818,18,Monday,23.09021,113.38731,0
1367229355008,18,Monday,23.09037,113.38723,0
1367229358198,18,Monday,23.09047,113.38722,0
1367229361388,18,Monday,23.09063,113.38724,0
1367229364578,18,Monday,23.09074,113.38727,0
1367229367768,18,Monday,23.09062,113.38752,0
1367229370958,18,Monday,23.09064,113.38759,0
1367229374148,18,Monday,23.09075,113.38772,0
1367229377338,18,Monday,23.09083,113.38774,0
1367229380528,18,Monday,23.09091,113.38774,0
1367229383718,18,Monday,23.09095,113.38772,0
1367229386908,18,Monday,23.09103,113.38762,0
1367229390098,18,Monday,23.09114,113.38748,0
1367229393288,18,Monday,23.0912,113.38742,0
1367229396478,18,Monday,23.09119,113.38754,0
1367229399668,18,Monday,23.0912,113.38767,0
1367229402858,18,Monday,23.09123,113.38784,0
1367229406048,18,Monday,23.09131,113.38805,0
1367229409238,18,Monday,23.09138,113.3882,0
1367229412428,18,Monday,23.09148,113.38832,0
1367229415618,18,Monday,23.09215,113.38886,0
1367229418808,18,Monday,23.09228,113.38894,0
1367229421998,18,Monday,23.09235,113.38902,0
1367229425188,18,Monday,23.09227,113.38918,0
1367229428378,18,Monday,23.09219,113.3893,0
1367229431568,18,Monday,23.09177,113.38985,0
1367229434758,18,Monday,23.09171,113.38989,0
1367229437948,18,Monday,23.0916,113.3899,0
1367229441138,18,Monday,23.09124,113.38986,0
1367229444328,18,Monday,23.09111,113.38986,0
1367229447518,18,Monday,23.09096,113.38987,0
1367229450708,18,Monday,23.09085,113.3898,0
1367229453898,18,Monday,23.09001,113.38877,0
1367229457088,18,Monday,23.08972,113.38845,0
1367229460278,18,Monday,23.08953,113.38828,0
1367229463468,18,Monday,23.08882,113.38739,0
1367229466658,18,Monday,23.08889,113.3873,0
1367229469848,18,Monday,23.0892,113.38703,0
1367229473061,18,Monday,23.08922115,113.38706185,1
1367229519130,18,Monday,23.0892,113.38703,0
1367229565199,18,Monday,23.09038,113.386,0
1367229611269,19,Monday,23.08929258,113.38456115,1
1367229636127,19,Monday,23.09038,113.386,0
1367229660985,19,Monday,23.08917,113.38705,0
1367229685843,19,Monday,23.08882,113.38739,0
1367229710701,19,Monday,23.08826003,113.38617434,1
1367229769693,19,Monday,23.08759,113.38589,0
1367229828686,19,Monday,23.08779141,113.38569631,1
1367229889215,19,Monday,23.08741,113.38566,0
1367229949744,19,Monday,23.08744879,113.38548177,1
1367229951096,19,Monday,23.0868,113.38546,0
1367229952448,19,Monday,23.08889,113.388,0
1367229953800,19,Monday,23.08974,113.38902,0
1367229955152,19,Monday,23.09051,113.38988,0
1367229956504,19,Monday,23.09125,113.39066,0
1367229957856,19,Monday,23.09273,113.3921,0
1367229959208,19,Monday,23.09316,113.39265,0
1367229960560,19,Monday,23.0933,113.3928,0
1367229961912,19,Monday,23.09382,113.39332,0
1367229963264,19,Monday,23.09396,113.39349,0
1367229964616,19,Monday,23.09403,113.39366,0
1367229965968,19,Monday,23.09407,113.39387,0
1367229967320,19,Monday,23.09407,113.394,0
1367229968672,19,Monday,23.09406,113.39409,0
1367229970024,19,Monday,23.09395,113.3945,0
1367229971376,19,Monday,23.09384,113.39476,0
1367229972728,19,Monday,23.09376,113.39501,0
1367229974080,19,Monday,23.09371,113.3953,0
1367229975432,19,Monday,23.09371,113.39578,0
1367229976784,19,Monday,23.09374,113.3961,0
1367229978136,19,Monday,23.09385,113.3965,0
1367229979488,19,Monday,23.09401,113.39693,0
1367229980840,19,Monday,23.09416,113.39738,0
1367229982192,19,Monday,23.09419,113.3976,0
1367229983544,19,Monday,23.09419,113.39799,0
1367229984896,19,Monday,23.09412,113.39819,0
1367229986248,19,Monday,23.09394,113.39815,0
1367229987600,19,Monday,23.09303,113.39783,0
1367229988952,19,Monday,23.09296,113.3978,0
1367229990304,19,Monday,23.09291,113.39779,0
1367229991656,19,Monday,23.09314,113.39683,0
1367229993008,19,Monday,23.09316,113.3967,0
1367229994360,19,Monday,23.09316,113.39652,0
1367229995712,19,Monday,23.09312,113.39639,0
1367229997064,19,Monday,23.09296,113.39621,0
1367229998416,19,Monday,23.09251,113.39576,0
1367229999768,19,Monday,23.09237,113.39559,0
1367230001120,19,Monday,23.09232,113.39542,0
1367230002472,19,Monday,23.09216,113.39452,0
1367230003824,19,Monday,23.09208,113.39408,0
1367230005176,19,Monday,23.09229,113.39398,0
1367230006528,19,Monday,23.09269,113.39382,0
1367230007880,19,Monday,23.09283,113.39373,0
1367230009232,19,Monday,23.09287,113.39366,0
1367230010584,19,Monday,23.09289,113.39341,0
1367230011936,19,Monday,23.0929,113.39333,0
1367230013288,19,Monday,23.09298,113.39316,0
1367230014640,19,Monday,23.09308,113.39298,0
1367230015992,19,Monday,23.09313,113.39294,0
1367230017344,19,Monday,23.09319,113.39294,0
1367230018696,19,Monday,23.09337,113.39304,0
1367230020048,19,Monday,23.09349,113.39308,0
1367230021400,19,Monday,23.09357,113.39306,0
1367230022752,19,Monday,23.09364,113.393,0
1367230024104,19,Monday,23.09369,113.39291,0
1367230025456,19,Monday,23.09379,113.39255,0
1367230026808,19,Monday,23.09354,113.39235,0
1367230028160,19,Monday,23.09335,113.39219,0
1367230029512,19,Monday,23.09323,113.39194,0
1367230030864,19,Monday,23.09317,113.39189,0
1367230032216,19,Monday,23.09313,113.39184,0
1367230033568,19,Monday,23.0931,113.39148,0
1367230034920,19,Monday,23.09305,113.39126,0
1367230036272,19,Monday,23.09302,113.39111,0
1367230037624,19,Monday,23.09301,113.39091,0
1367230038976,19,Monday,23.09298,113.39076,0
1367230040328,19,Monday,23.0929,113.39068,0
1367230041680,19,Monday,23.09262,113.39057,0
1367230043032,19,Monday,23.09248,113.39051,0
1367230044384,19,Monday,23.09242,113.39044,0
1367230045736,19,Monday,23.09241,113.39029,0
1367230047088,19,Monday,23.09247,113.38991,0
1367230048440,19,Monday,23.09248,113.38976,0
1367230049792,19,Monday,23.0924,113.38928,0
1367230051144,19,Monday,23.09235,113.38902,0
1367230052496,19,Monday,23.09227,113.38918,0
1367230053848,19,Monday,23.09219,113.3893,0
1367230055200,19,Monday,23.09177,113.38985,0
1367230056552,19,Monday,23.09171,113.38989,0
1367230057904,19,Monday,23.0916,113.3899,0
1367230059256,19,Monday,23.09124,113.38986,0
1367230060608,19,Monday,23.09102,113.38987,0
1367230061960,19,Monday,23.09091,113.38985,0
1367230063312,19,Monday,23.0903,113.38913,0
1367230064664,19,Monday,23.09001,113.38877,0
1367230066016,19,Monday,23.08972,113.38845,0
1367230067368,19,Monday,23.08953,113.38828,0
1367230068720,19,Monday,23.08869,113.38722,0
1367230070151,19,Monday,23.08681158,113.38544978,1
1367230107996,19,Monday,23.0868,113.38546,0
1367230145841,19,Monday,23.08698,113.38566,0
1367230183686,19,Monday,23.08659501,113.38619903,1
1367230224098,19,Monday,23.08675,113.38539,0
1367230264510,19,Monday,23.08698,113.38566,0
1367230304923,19,Monday,23.08621416,113.38592144,1
1367230346278,19,Monday,23.08675,113.38539,0
1367230387633,19,Monday,23.08683,113.38548,0
1367230428990,19,Monday,23.08638681,113.38591457,1
1367230469270,19,Monday,23.08664,113.38526,0
1367230509550,19,Monday,23.08683,113.38548,0
1367230549830,19,Monday,23.08624259,113.38565717,1
1367230607865,19,Monday,23.08679,113.38544,0
1367230665900,19,Monday,23.0863738,113.38584772,1
1367230705565,19,Monday,23.08675,113.38539,0
1367230745230,19,Monday,23.08679,113.38544,0
1367230784897,19,Monday,23.08635101,113.38577556,1
1367230825231,19,Monday,23.08675,113.38539,0
1367230865565,19,Monday,23.08682,113.38548,0
1367230905899,19,Monday,23.08629347,113.3859968,1
1367230945601,19,Monday,23.08675,113.3854,0
1367230985303,19,Monday,23.08682,113.38548,0
1367231025006,19,Monday,23.08631627,113.38582455,1
1367231064985,19,Monday,23.08675,113.3854,0
1367231104964,19,Monday,23.0868,113.38545,0
1367231144945,19,Monday,23.08622424,113.3860122,1
1367231264951,19,Monday,23.086295,113.38594749,1
1367231384933,19,Monday,23.08633769,113.38588503,1
1367231503176,19,Monday,23.08642792,113.38582373,1
1367231543182,19,Monday,23.08676,113.38541,0
1367231583188,19,Monday,23.0868,113.38546,0
1367231623195,19,Monday,23.08634033,113.38581811,1
1367231663779,19,Monday,23.08676,113.38541,0
1367231704363,19,Monday,23.08677,113.38541,0
1367231744949,19,Monday,23.08629764,113.3858761,1
1367231784945,19,Monday,23.08677,113.38541,0
1367231824941,19,Monday,23.08679,113.38544,0
1367231864939,19,Monday,23.08629499,113.38592064,1
1367231904613,19,Monday,23.08675,113.38539,0
1367231944287,19,Monday,23.08679,113.38544,0
1367231983962,19,Monday,23.08632281,113.38580812,1
1367232024964,19,Monday,23.08675,113.38539,0
1367232065966,19,Monday,23.0868,113.38545,0
1367232106970,19,Monday,23.08627364,113.38596085,1
1367232227030,19,Monday,23.08638554,113.38589841,1
1367233314639,20,Monday,23.08638554,113.38589841,1
1367233317087,20,Monday,23.08678,113.38543,0
1367233319535,20,Monday,23.08682,113.38547,0
1367233321984,20,Monday,23.0862386,113.38595927,1
1367233361286,20,Monday,23.08678,113.38543,0
1367233400588,20,Monday,23.08679,113.38544,0
1367233439891,20,Monday,23.08627579,113.38595001,1
1367233495109,20,Monday,23.08679,113.38544,0
1367233550327,20,Monday,23.08687,113.38553,0
1367233605546,20,Monday,23.08642,113.3859739,1
1367233630324,20,Monday,23.08687,113.38553,0
1367233655102,20,Monday,23.08694,113.38562,0
1367233679880,20,Monday,23.08660598,113.38595277,1
1367233749152,20,Monday,23.08679,113.38544,0
1367233818424,20,Monday,23.08694,113.38562,0
1367233887696,20,Monday,23.08620412,113.38600512,1
1367233901662,20,Monday,23.08679,113.38544,0
1367233915628,20,Monday,23.08698,113.38566,0
1367233929594,20,Monday,23.08631124,113.38638066,1
1367234005861,20,Monday,23.08679,113.38544,0
1367234082128,20,Monday,23.08698,113.38566,0
1367234158395,20,Monday,23.08629242,113.38592212,1
1367234399704,20,Monday,23.08639909,113.38600662,1
1367234460025,20,Monday,23.08698,113.38566,0
1367234520347,20,Monday,23.08649929,113.38602877,1
1367234560808,20,Monday,23.08683,113.38548,0
1367234601269,20,Monday,23.08693,113.38561,0
1367234641731,20,Monday,23.08599217,113.38630057,1
1367234763209,20,Monday,23.08625276,113.38603356,1
1367234806258,20,Monday,23.08666,113.38528,0
1367234849307,20,Monday,23.08682,113.38548,0
1367234892358,20,Monday,23.08624997,113.38567631,1
1367234928862,20,Monday,23.08666,113.38528,0
1367234965366,20,Monday,23.08687,113.38554,0
1367235001870,20,Monday,23.08571888,113.38666486,1
1367235043177,20,Monday,23.08636,113.38492,0
1367235084484,20,Monday,23.08687,113.38554,0
1367235125793,20,Monday,23.08551464,113.38574136,1
1367235166041,20,Monday,23.08636,113.38492,0
1367235206289,20,Monday,23.08681,113.38547,0
1367235246537,20,Monday,23.08632713,113.38594041,1
1367235405555,20,Monday,23.08658656,113.38564056,1
1367235406550,20,Monday,23.08679,113.38544,0
1367235407545,20,Monday,23.08889,113.388,0
1367235408540,20,Monday,23.08974,113.38902,0
1367235409535,20,Monday,23.09051,113.38988,0
1367235410530,20,Monday,23.09125,113.39066,0
1367235411525,20,Monday,23.09273,113.3921,0
1367235412520,20,Monday,23.09316,113.39265,0
1367235413515,20,Monday,23.0933,113.3928,0
1367235414510,20,Monday,23.09382,113.39332,0
1367235415505,20,Monday,23.09396,113.39349,0
1367235416500,20,Monday,23.09403,113.39366,0
1367235417495,20,Monday,23.09407,113.39387,0
1367235418490,20,Monday,23.09407,113.394,0
1367235419485,20,Monday,23.09406,113.39409,0
1367235420480,20,Monday,23.09395,113.3945,0
1367235421475,20,Monday,23.09384,113.39476,0
1367235422470,20,Monday,23.09376,113.39501,0
1367235423465,20,Monday,23.09371,113.3953,0
1367235424460,20,Monday,23.09371,113.39578,0
1367235425455,20,Monday,23.09378,113.39595,0
1367235426450,20,Monday,23.09395,113.39658,0
1367235427445,20,Monday,23.0941,113.39693,0
1367235428440,20,Monday,23.09421,113.39709,0
1367235429435,20,Monday,23.09433,113.3972,0
1367235430430,20,Monday,23.09446,113.39729,0
1367235431425,20,Monday,23.09455,113.39733,0
1367235432420,20,Monday,23.09475,113.39735,0
1367235433415,20,Monday,23.09497,113.39729,0
1367235434410,20,Monday,23.09503,113.39722,0
1367235435405,20,Monday,23.09512,113.39704,0
1367235436400,20,Monday,23.09515,113.39691,0
1367235437395,20,Monday,23.09512,113.39674,0
1367235438390,20,Monday,23.09507,113.39661,0
1367235439385,20,Monday,23.095,113.39652,0
1367235440380,20,Monday,23.09485,113.39642,0
1367235441375,20,Monday,23.09465,113.39638,0
1367235442370,20,Monday,23.09421,113.39634,0
1367235443365,20,Monday,23.09411,113.39629,0
1367235444360,20,Monday,23.09402,113.39622,0
1367235445355,20,Monday,23.09396,113.39613,0
1367235446350,20,Monday,23.09392,113.39602,0
1367235447345,20,Monday,23.09385,113.39567,0
1367235448340,20,Monday,23.09385,113.39539,0
1367235449335,20,Monday,23.09389,113.39508,0
1367235450330,20,Monday,23.09398,113.39479,0
1367235451325,20,Monday,23.0942,113.39426,0
1367235452320,20,Monday,23.09439,113.39397,0
1367235453315,20,Monday,23.09448,113.39389,0
1367235454310,20,Monday,23.09458,113.39385,0
1367235455305,20,Monday,23.09474,113.39382,0
1367235456300,20,Monday,23.09513,113.39387,0
1367235457295,20,Monday,23.09529,113.39386,0
1367235458290,20,Monday,23.09543,113.39379,0
1367235459285,20,Monday,23.09556,113.39367,0
1367235460280,20,Monday,23.09562,113.39357,0
1367235461275,20,Monday,23.09566,113.39345,0
1367235462270,20,Monday,23.09567,113.39331,0
1367235463265,20,Monday,23.09566,113.39322,0
1367235464260,20,Monday,23.09561,113.39308,0
1367235465255,20,Monday,23.09554,113.39297,0
1367235466250,20,Monday,23.09545,113.3929,0
1367235467245,20,Monday,23.09533,113.39284,0
1367235468240,20,Monday,23.09519,113.39282,0
1367235469235,20,Monday,23.09502,113.39283,0
1367235470230,20,Monday,23.09479,113.39288,0
1367235471225,20,Monday,23.09458,113.39292,0
1367235472220,20,Monday,23.0944,113.39292,0
1367235473215,20,Monday,23.09424,113.3929,0
1367235474210,20,Monday,23.09407,113.39284,0
1367235475205,20,Monday,23.09388,113.39273,0
1367235476200,20,Monday,23.09272,113.3919,0
1367235477195,20,Monday,23.09195,113.39116,0
1367235478190,20,Monday,23.09095,113.39015,0
1367235479185,20,Monday,23.08984,113.38893,0
1367235480180,20,Monday,23.08869,113.38753,0
1367235481175,20,Monday,23.08694,113.3854,0
1367235482222,20,Monday,23.08703898,113.38529951,1
1367235484902,20,Monday,23.08831,113.38677,0
1367235487582,20,Monday,23.08962,113.38837,0
1367235490262,20,Monday,23.08978,113.3885,0
1367235492942,20,Monday,23.0901,113.38888,0
1367235495622,20,Monday,23.09088,113.38983,0
1367235498302,20,Monday,23.09099,113.38987,0
1367235500982,20,Monday,23.09115,113.38985,0
1367235503662,20,Monday,23.09147,113.38989,0
1367235506342,20,Monday,23.09168,113.3899,0
1367235509022,20,Monday,23.09174,113.38988,0
1367235511702,20,Monday,23.09179,113.38982,0
1367235514382,20,Monday,23.09223,113.38924,0
1367235517062,20,Monday,23.09235,113.38902,0
1367235519742,20,Monday,23.09247,113.3897,0
1367235522422,20,Monday,23.09248,113.38983,0
1367235525102,20,Monday,23.09246,113.39002,0
1367235527782,20,Monday,23.09241,113.39036,0
1367235530462,20,Monday,23.09242,113.39044,0
1367235533142,20,Monday,23.09248,113.39051,0
1367235535822,20,Monday,23.09278,113.39063,0
1367235538502,20,Monday,23.09295,113.39071,0
1367235541182,20,Monday,23.09299,113.39079,0
1367235543862,20,Monday,23.09301,113.39087,0
1367235546542,20,Monday,23.09303,113.39119,0
1367235549222,20,Monday,23.09308,113.39137,0
1367235551902,20,Monday,23.09312,113.39168,0
1367235554582,20,Monday,23.09314,113.39187,0
1367235557262,20,Monday,23.09322,113.39192,0
1367235559942,20,Monday,23.09326,113.39199,0
1367235562622,20,Monday,23.09332,113.39214,0
1367235565302,20,Monday,23.09339,113.39222,0
1367235567982,20,Monday,23.09369,113.39248,0
1367235570662,20,Monday,23.09379,113.39255,0
1367235573342,20,Monday,23.09395,113.39261,0
1367235576022,20,Monday,23.09422,113.39273,0
1367235578702,20,Monday,23.09436,113.39277,0
1367235581382,20,Monday,23.09465,113.3928,0
1367235584062,20,Monday,23.09476,113.39278,0
1367235586742,20,Monday,23.09494,113.39269,0
1367235589422,20,Monday,23.0952,113.39267,0
1367235592102,20,Monday,23.09543,113.39272,0
1367235594782,20,Monday,23.09555,113.39278,0
1367235597462,20,Monday,23.09608,113.3931,0
1367235600142,20,Monday,23.09573,113.39405,0
1367235602822,20,Monday,23.09552,113.39459,0
1367235605502,20,Monday,23.09508,113.3957,0
1367235608182,20,Monday,23.09493,113.39587,0
1367235610862,20,Monday,23.09477,113.39604,0
1367235613542,20,Monday,23.09453,113.39622,0
1367235616222,20,Monday,23.0944,113.39626,0
1367235618902,20,Monday,23.09426,113.39626,0
1367235621582,20,Monday,23.09412,113.3962,0
1367235624262,20,Monday,23.09401,113.39608,0
1367235626942,20,Monday,23.09389,113.39587,0
1367235629622,20,Monday,23.09385,113.39567,0
1367235632302,20,Monday,23.09385,113.39539,0
1367235634982,20,Monday,23.09389,113.39508,0
1367235637662,20,Monday,23.09398,113.39479,0
1367235640342,20,Monday,23.0942,113.39426,0
1367235643022,20,Monday,23.09439,113.39397,0
1367235645702,20,Monday,23.09448,113.39389,0
1367235648382,20,Monday,23.09458,113.39385,0
1367235651062,20,Monday,23.09474,113.39382,0
1367235653742,20,Monday,23.09513,113.39387,0
1367235656422,20,Monday,23.09529,113.39386,0
1367235659102,20,Monday,23.09543,113.39379,0
1367235661782,20,Monday,23.09556,113.39367,0
1367235664462,20,Monday,23.09562,113.39357,0
1367235667142,20,Monday,23.09566,113.39345,0
1367235669822,20,Monday,23.09567,113.39331,0
1367235672502,20,Monday,23.09566,113.39322,0
1367235675182,20,Monday,23.09561,113.39308,0
1367235677862,20,Monday,23.09554,113.39297,0
1367235680542,20,Monday,23.09545,113.3929,0
1367235683222,20,Monday,23.09533,113.39284,0
1367235685902,20,Monday,23.09519,113.39282,0
1367235688582,20,Monday,23.09502,113.39283,0
1367235691262,20,Monday,23.09479,113.39288,0
1367235693942,20,Monday,23.09458,113.39292,0
1367235696622,20,Monday,23.0944,113.39292,0
1367235699302,20,Monday,23.09424,113.3929,0
1367235701982,20,Monday,23.09407,113.39284,0
1367235704662,20,Monday,23.09388,113.39273,0
1367235707342,20,Monday,23.09272,113.3919,0
1367235710022,20,Monday,23.09195,113.39116,0
1367235712702,20,Monday,23.09095,113.39015,0
1367235715382,20,Monday,23.08984,113.38893,0
1367235718062,20,Monday,23.08869,113.38753,0
1367235720742,20,Monday,23.08694,113.3854,0
1367235723425,20,Monday,23.08861637,113.38647604,1
1367235747072,20,Monday,23.08831,113.38677,0
1367235770719,20,Monday,23.08882,113.38739,0
1367235794366,20,Monday,23.08917,113.38705,0
1367235818013,20,Monday,23.08955,113.38673,0
1367235841662,20,Monday,23.08960375,113.38680618,1
1367235881982,20,Monday,23.08955,113.38673,0
1367235922302,20,Monday,23.08994,113.38638,0
1367235962623,20,Monday,23.09012186,113.3866177,1
1367236002289,20,Monday,23.08994,113.38638,0
1367236041955,20,Monday,23.09068,113.38573,0
1367236081622,20,Monday,23.09055799,113.38556591,1
1367236142637,20,Monday,23.0914,113.38507,0
1367236203653,20,Monday,23.09104837,113.3846282,1
1367236242990,20,Monday,23.09175,113.38469,0
1367236282327,20,Monday,23.09194,113.38446,0
1367236321666,20,Monday,23.09147617,113.38401796,1
1367236324962,20,Monday,23.09194,113.38446,0
1367236328258,20,Monday,23.09144,113.38503,0
1367236331554,20,Monday,23.0905,113.38589,0
1367236334850,20,Monday,23.08917,113.38705,0
1367236338146,20,Monday,23.08882,113.38739,0
1367236341442,20,Monday,23.08962,113.38837,0
1367236344738,20,Monday,23.08978,113.3885,0
1367236348034,20,Monday,23.09052,113.3894,0
1367236351330,20,Monday,23.09088,113.38983,0
1367236354626,20,Monday,23.09093,113.38986,0
1367236357922,20,Monday,23.09105,113.38987,0
1367236361218,20,Monday,23.09115,113.38985,0
1367236364514,20,Monday,23.09147,113.38989,0
1367236367810,20,Monday,23.09168,113.3899,0
1367236371106,20,Monday,23.09174,113.38988,0
1367236374402,20,Monday,23.09223,113.38924,0
1367236377698,20,Monday,23.09235,113.38902,0
1367236380994,20,Monday,23.09224,113.38892,0
1367236384290,20,Monday,23.09154,113.38837,0
1367236387586,20,Monday,23.09142,113.38825,0
1367236390882,20,Monday,23.09134,113.38812,0
1367236394178,20,Monday,23.09127,113.38796,0
1367236397474,20,Monday,23.09119,113.38761,0
1367236400770,20,Monday,23.0912,113.38742,0
1367236404066,20,Monday,23.09124,113.38723,0
1367236407362,20,Monday,23.09175,113.3863,0
1367236410658,20,Monday,23.09134,113.38603,0
1367236413954,20,Monday,23.09126,113.38597,0
1367236417250,20,Monday,23.09128,113.38592,0
1367236420546,20,Monday,23.0915,113.38572,0
1367236423842,20,Monday,23.09158,113.38576,0
1367236427138,20,Monday,23.09195,113.38599,0
1367236430434,20,Monday,23.0922,113.38558,0
1367236433730,20,Monday,23.09262,113.38497,0
1367236437026,20,Monday,23.09283,113.38467,0
1367236440322,20,Monday,23.09318,113.38407,0
1367236443652,20,Monday,23.09310924,113.38403128,1
1367236448653,20,Monday,23.09318,113.38407,0
1367236453654,20,Monday,23.09283,113.38467,0
1367236458655,20,Monday,23.09262,113.38497,0
1367236463656,20,Monday,23.0922,113.38558,0
1367236468657,20,Monday,23.09195,113.38599,0
1367236473658,20,Monday,23.09231,113.38623,0
1367236478659,20,Monday,23.09245,113.38631,0
1367236483660,20,Monday,23.09262,113.38611,0
1367236488661,20,Monday,23.09284,113.3859,0
1367236493662,20,Monday,23.09296,113.38583,0
1367236498663,20,Monday,23.09308,113.38582,0
1367236503664,20,Monday,23.0932,113.38583,0
1367236508665,20,Monday,23.09393,113.38617,0
1367236513666,20,Monday,23.09415,113.38629,0
1367236518667,20,Monday,23.09553,113.38678,0
1367236523668,20,Monday,23.09698,113.38751,0
1367236528669,20,Monday,23.0977,113.38786,0
1367236533670,20,Monday,23.09781,113.3852,0
1367236538671,20,Monday,23.09792,113.38275,0
1367236543672,20,Monday,23.09877,113.38271,0
1367236548673,20,Monday,23.09942,113.38265,0
1367236553674,20,Monday,23.09953,113.38259,0
1367236558675,20,Monday,23.0996,113.38254,0
1367236563682,20,Monday,23.09931719,113.38200857,1
1367236568681,20,Monday,23.0996,113.38254,0
1367236573680,20,Monday,23.09945,113.38264,0
1367236578679,20,Monday,23.09924,113.38268,0
1367236583678,20,Monday,23.09806,113.38275,0
1367236588677,20,Monday,23.09792,113.38275,0
1367236593676,20,Monday,23.09802,113.38051,0
1367236598675,20,Monday,23.09806,113.3797,0
1367236603674,20,Monday,23.0981,113.37874,0
1367236608673,20,Monday,23.09817,113.37644,0
1367236613672,20,Monday,23.09839,113.37576,0
1367236618671,20,Monday,23.09844,113.37541,0
1367236623670,20,Monday,23.09854,113.37447,0
1367236628669,20,Monday,23.09858,113.37429,0
1367236633668,20,Monday,23.09865,113.37413,0
1367236638667,20,Monday,23.09875,113.374,0
1367236643666,20,Monday,23.09884,113.37392,0
1367236648665,20,Monday,23.09914,113.37377,0
1367236653664,20,Monday,23.0994,113.37378,0
1367236658663,20,Monday,23.09992,113.37381,0
1367236663662,20,Monday,23.10004,113.37379,0
1367236668661,20,Monday,23.10021,113.37375,0
1367236673660,20,Monday,23.10039,113.37376,0
1367236678659,20,Monday,23.10079,113.37399,0
1367236683679,20,Monday,23.10058784,113.3744151,1
1367236685482,20,Monday,23.1101,113.3687,0
1367236687285,20,Monday,23.11008,113.3684,0
1367236689088,20,Monday,23.11009,113.36832,0
1367236690891,20,Monday,23.11013,113.36825,0
1367236692694,20,Monday,23.11016,113.36822,0
1367236694497,20,Monday,23.11303,113.36758,0
1367236696300,20,Monday,23.11335,113.36748,0
1367236698103,20,Monday,23.11349,113.36738,0
1367236699906,20,Monday,23.11397,113.36703,0
1367236701709,20,Monday,23.11411,113.36695,0
1367236703512,20,Monday,23.11423,113.36717,0
1367236705315,20,Monday,23.11424,113.36722,0
1367236707118,20,Monday,23.11447,113.36878,0
1367236708921,20,Monday,23.11455,113.36889,0
1367236710724,20,Monday,23.11469,113.36958,0
1367236712527,20,Monday,23.11481,113.37027,0
1367236714330,20,Monday,23.11513,113.37035,0
1367236716133,20,Monday,23.11573,113.37045,0
1367236717936,20,Monday,23.11621,113.37055,0
1367236719739,20,Monday,23.11703,113.37073,0
1367236721542,20,Monday,23.11711,113.37113,0
1367236723345,20,Monday,23.11743,113.37258,0
1367236725148,20,Monday,23.11755,113.37329,0
1367236726951,20,Monday,23.11758,113.37331,0
1367236728754,20,Monday,23.11765,113.37334,0
1367236730557,20,Monday,23.11768,113.37336,0
1367236732360,20,Monday,23.11771,113.37343,0
1367236734163,20,Monday,23.11771,113.37354,0
1367236735966,20,Monday,23.1177,113.37405,0
1367236737769,20,Monday,23.11765,113.3741,0
1367236739572,20,Monday,23.11758,113.37411,0
1367236741375,20,Monday,23.11744,113.37406,0
1367236743178,20,Monday,23.11738,113.37414,0
1367236744981,20,Monday,23.11726,113.37423,0
1367236746784,20,Monday,23.11715,113.3743,0
1367236748587,20,Monday,23.11704,113.37436,0
1367236750390,20,Monday,23.11616,113.3743,0
1367236752193,20,Monday,23.11574,113.3743,0
1367236753996,20,Monday,23.11562,113.37431,0
1367236755799,20,Monday,23.11365,113.37435,0
1367236757602,20,Monday,23.11101,113.37418,0
1367236759405,20,Monday,23.10789,113.37399,0
1367236761208,20,Monday,23.10536,113.37386,0
1367236763011,20,Monday,23.10387,113.37379,0
1367236764814,20,Monday,23.10257,113.37371,0
1367236766617,20,Monday,23.10183,113.37367,0
1367236768420,20,Monday,23.10039,113.37359,0
1367236770223,20,Monday,23.10017,113.37348,0
1367236772026,20,Monday,23.09932,113.37343,0
1367236773829,20,Monday,23.0991,113.37342,0
1367236775632,20,Monday,23.09872,113.37335,0
1367236777435,20,Monday,23.09864,113.37335,0
1367236779238,20,Monday,23.09857,113.37339,0
1367236781041,20,Monday,23.09852,113.37344,0
1367236782844,20,Monday,23.0985,113.3735,0
1367236784647,20,Monday,23.0985,113.37364,0
1367236786450,20,Monday,23.09854,113.37374,0
1367236788253,20,Monday,23.09859,113.37379,0
1367236790056,20,Monday,23.09865,113.37381,0
1367236791859,20,Monday,23.09886,113.37379,0
1367236793662,20,Monday,23.09917,113.37377,0
1367236795465,20,Monday,23.09995,113.37381,0
1367236797268,20,Monday,23.10021,113.37375,0
1367236799071,20,Monday,23.10039,113.37376,0
1367236800874,21,Monday,23.10079,113.37399,0
1367236802688,21,Monday,23.11047664,113.36866083,1
1367236805377,21,Monday,23.12317,113.37028,0
1367236808066,21,Monday,23.123,113.37103,0
1367236810755,21,Monday,23.1229,113.37111,0
1367236813444,21,Monday,23.12285,113.37118,0
1367236816133,21,Monday,23.12266,113.37193,0
1367236818822,21,Monday,23.12254,113.37233,0
1367236821511,21,Monday,23.12235,113.37311,0
1367236824200,21,Monday,23.12337,113.37337,0
1367236826889,21,Monday,23.12391,113.37349,0
1367236829578,21,Monday,23.12392,113.37355,0
1367236832267,21,Monday,23.12382,113.37403,0
1367236834956,21,Monday,23.12378,113.37417,0
1367236837645,21,Monday,23.12345,113.37419,0
1367236840334,21,Monday,23.12306,113.37428,0
1367236843023,21,Monday,23.12286,113.37433,0
1367236845712,21,Monday,23.12216,113.37445,0
1367236848401,21,Monday,23.12198,113.37449,0
1367236851090,21,Monday,23.1218,113.37449,0
1367236853779,21,Monday,23.12138,113.37451,0
1367236856468,21,Monday,23.12108,113.37454,0
1367236859157,21,Monday,23.12094,113.37458,0
1367236861846,21,Monday,23.12035,113.37463,0
1367236864535,21,Monday,23.11986,113.37459,0
1367236867224,21,Monday,23.11942,113.37451,0
1367236869913,21,Monday,23.11876,113.37427,0
1367236872602,21,Monday,23.11851,113.3742,0
1367236875291,21,Monday,23.11834,113.37419,0
1367236877980,21,Monday,23.11787,113.37422,0
1367236880669,21,Monday,23.1175,113.37429,0
1367236883358,21,Monday,23.11718,113.37437,0
1367236886047,21,Monday,23.11616,113.3743,0
1367236888736,21,Monday,23.11562,113.37431,0
1367236891425,21,Monday,23.11527,113.37432,0
1367236894114,21,Monday,23.11498,113.37421,0
1367236896803,21,Monday,23.11467,113.37423,0
1367236899492,21,Monday,23.11338,113.37424,0
1367236902181,21,Monday,23.11269,113.37421,0
1367236904870,21,Monday,23.11217,113.37419,0
1367236907559,21,Monday,23.11147,113.37412,0
1367236910248,21,Monday,23.11105,113.37408,0
1367236912937,21,Monday,23.11098,113.37405,0
1367236915626,21,Monday,23.11093,113.37384,0
1367236918315,21,Monday,23.11059,113.37219,0
1367236921004,21,Monday,23.11039,113.37117,0
1367236923725,21,Monday,23.12334546,113.37032649,1
1367236927725,21,Monday,23.12335,113.37014,0
1367236931725,21,Monday,23.12258,113.37013,0
1367236935725,21,Monday,23.12214,113.37194,0
1367236939725,21,Monday,23.12211,113.37208,0
1367236943725,21,Monday,23.12166,113.37196,0
1367236947725,21,Monday,23.12152,113.37192,0
1367236951725,21,Monday,23.12127,113.37184,0
1367236955725,21,Monday,23.1209,113.37173,0
1367236959725,21,Monday,23.12086,113.3717,0
1367236963725,21,Monday,23.12094,113.37134,0
1367236967725,21,Monday,23.12085,113.3713,0
1367236971725,21,Monday,23.12076,113.37127,0
1367236975725,21,Monday,23.12099,113.37031,0
1367236979725,21,Monday,23.12123,113.36942,0
1367236983725,21,Monday,23.12176,113.3675,0
1367236987725,21,Monday,23.12259,113.3649,0
1367236991725,21,Monday,23.12259,113.36467,0
1367236995725,21,Monday,23.12286,113.36376,0
1367236999725,21,Monday,23.12317,113.36268,0
1367237003725,21,Monday,23.12333,113.36212,0
1367237007725,21,Monday,23.12356,113.36116,0
1367237011725,21,Monday,23.12379,113.36,0
1367237015725,21,Monday,23.12411,113.35847,0
1367237019725,21,Monday,23.1244,113.35695,0
1367237023725,21,Monday,23.12444,113.3567,0
1367237027725,21,Monday,23.12462,113.3567,0
1367237031725,21,Monday,23.12587,113.35668,0
1367237035725,21,Monday,23.12587,113.3557,0
1367237039725,21,Monday,23.126,113.35505,0
1367237043731,21,Monday,23.12621547,113.35510541,1
1367237048031,21,Monday,23.126,113.35505,0
1367237052331,21,Monday,23.12587,113.3557,0
1367237056631,21,Monday,23.12569,113.35566,0
1367237060931,21,Monday,23.12488,113.35548,0
1367237065231,21,Monday,23.12482,113.35564,0
1367237069531,21,Monday,23.1246,113.35581,0
1367237073831,21,Monday,23.12508,113.35302,0
1367237078131,21,Monday,23.12531,113.35155,0
1367237082431,21,Monday,23.126,113.34758,0
1367237086731,21,Monday,23.12614,113.34631,0
1367237091031,21,Monday,23.12615,113.34625,0
1367237095331,21,Monday,23.1261,113.34613,0
1367237099631,21,Monday,23.1261,113.34603,0
1367237103931,21,Monday,23.12628,113.34352,0
1367237108231,21,Monday,23.1265,113.34053,0
1367237112531,21,Monday,23.12656,113.34043,0
1367237116831,21,Monday,23.1266,113.33981,0
1367237121131,21,Monday,23.12667,113.33875,0
1367237125431,21,Monday,23.12672,113.33808,0
1367237129731,21,Monday,23.12673,113.33795,0
1367237134031,21,Monday,23.12729,113.33793,0
1367237138331,21,Monday,23.12816,113.33795,0
1367237142631,21,Monday,23.12818,113.33786,0
1367237146931,21,Monday,23.12817,113.33729,0
1367237151231,21,Monday,23.12822,113.33727,0
1367237155531,21,Monday,23.12831,113.33726,0
1367237159831,21,Monday,23.12835,113.33724,0
1367237164131,21,Monday,23.12837,113.3372,0
1367237168431,21,Monday,23.12837,113.33672,0
1367237172756,21,Monday,23.12850659,113.33672275,1
1367237175890,21,Monday,23.12837,113.33672,0
1367237179024,21,Monday,23.12837,113.3372,0
1367237182158,21,Monday,23.12835,113.33724,0
1367237185292,21,Monday,23.12831,113.33726,0
1367237188426,21,Monday,23.12822,113.33727,0
1367237191560,21,Monday,23.12817,113.33729,0
1367237194694,21,Monday,23.12818,113.33786,0
1367237197828,21,Monday,23.12816,113.33795,0
1367237200962,21,Monday,23.12729,113.33793,0
1367237204096,21,Monday,23.12722,113.3379,0
1367237207230,21,Monday,23.12702,113.3379,0
1367237210364,21,Monday,23.12689,113.33788,0
1367237213498,21,Monday,23.12685,113.33785,0
1367237216632,21,Monday,23.12678,113.3377,0
1367237219766,21,Monday,23.127,113.33467,0
1367237222900,21,Monday,23.12715,113.33226,0
1367237226034,21,Monday,23.12727,113.33038,0
1367237229168,21,Monday,23.1274,113.32814,0
1367237232302,21,Monday,23.12764,113.32452,0
1367237235436,21,Monday,23.12762,113.32431,0
1367237238570,21,Monday,23.12757,113.3241,0
1367237241704,21,Monday,23.12771,113.32184,0
1367237244838,21,Monday,23.12781,113.32164,0
1367237247972,21,Monday,23.12785,113.3216,0
1367237251106,21,Monday,23.12793,113.32153,0
1367237254240,21,Monday,23.12807,113.32147,0
1367237257374,21,Monday,23.12809,113.32122,0
1367237260508,21,Monday,23.128,113.3211,0
1367237263642,21,Monday,23.1279,113.32096,0
1367237266776,21,Monday,23.12786,113.32085,0
1367237269910,21,Monday,23.12788,113.32041,0
1367237273044,21,Monday,23.12793,113.31991,0
1367237276178,21,Monday,23.12795,113.31956,0
1367237279312,21,Monday,23.12806,113.31937,0
1367237282446,21,Monday,23.12822,113.31881,0
1367237285580,21,Monday,23.12897,113.31884,0
1367237288714,21,Monday,23.12891,113.32071,0
1367237291848,21,Monday,23.12891,113.32086,0
1367237295009,21,Monday,23.12916014,113.32087197,1
1367237299964,21,Monday,23.12891,113.32086,0
1367237304919,21,Monday,23.12894,113.31999,0
1367237309874,21,Monday,23.12793,113.31991,0
1367237314829,21,Monday,23.12795,113.31956,0
1367237319784,21,Monday,23.12797,113.31935,0
1367237324739,21,Monday,23.12806,113.31898,0
1367237329694,21,Monday,23.1282,113.31841,0
1367237334649,21,Monday,23.12826,113.31822,0
1367237339604,21,Monday,23.12839,113.31791,0
1367237344559,21,Monday,23.12904,113.31654,0
1367237349514,21,Monday,23.12958,113.3154,0
1367237354469,21,Monday,23.13021,113.31404,0
1367237359424,21,Monday,23.13077,113.31286,0
1367237364379,21,Monday,23.13104,113.31236,0
1367237369334,21,Monday,23.13126,113.31187,0
1367237374289,21,Monday,23.13163,113.31092,0
1367237379244,21,Monday,23.13179,113.31103,0
1367237384199,21,Monday,23.13209,113.31123,0
1367237389154,21,Monday,23.1321,113.31128,0
1367237394109,21,Monday,23.13193,113.31164,0
1367237399064,21,Monday,23.13184,113.3118,0
1367237404019,21,Monday,23.13182,113.3118,0
1367237408974,21,Monday,23.13161,113.3117,0
1367237413932,21,Monday,23.13171989,113.31148755,1
1367237417891,21,Monday,23.13181,113.3071,0
1367237421850,21,Monday,23.1318,113.30773,0
1367237425809,21,Monday,23.13177,113.30927,0
1367237429768,21,Monday,23.13171,113.30986,0
1367237433727,21,Monday,23.13168,113.31006,0
1367237437686,21,Monday,23.13156,113.31057,0
1367237441645,21,Monday,23.13123,113.31146,0
1367237445604,21,Monday,23.13096,113.31208,0
1367237449563,21,Monday,23.1307,113.31263,0
1367237453522,21,Monday,23.13012,113.31392,0
1367237457481,21,Monday,23.13012,113.31397,0
1367237461440,21,Monday,23.13017,113.31402,0
1367237465399,21,Monday,23.13023,113.31405,0
1367237469358,21,Monday,23.1303,113.31405,0
1367237473317,21,Monday,23.13035,113.31402,0
1367237477276,21,Monday,23.13061,113.31346,0
1367237481235,21,Monday,23.13087,113.31284,0
1367237485194,21,Monday,23.13112,113.31219,0
1367237489153,21,Monday,23.13138,113.31156,0
1367237493112,21,Monday,23.13163,113.31092,0
1367237497071,21,Monday,23.13176,113.31101,0
1367237501030,21,Monday,23.13198,113.31115,0
1367237504989,21,Monday,23.13208,113.31122,0
1367237508948,21,Monday,23.1321,113.31127,0
1367237512907,21,Monday,23.13186,113.31179,0
1367237516866,21,Monday,23.13182,113.31181,0
1367237520825,21,Monday,23.13178,113.31179,0
1367237524784,21,Monday,23.13161,113.3117,0
1367237528769,21,Monday,23.13178848,113.30709832,1
1367237700313,21,Monday,23.13178848,113.30709832,1
1367237701045,21,Monday,23.12783,113.29246,0
1367237701777,21,Monday,23.128,113.2922,0
1367237702509,21,Monday,23.12809,113.2921,0
1367237703241,21,Monday,23.12818,113.29204,0
1367237703973,21,Monday,23.12838,113.29198,0
1367237704705,21,Monday,23.12918,113.29188,0
1367237705437,21,Monday,23.13049,113.29178,0
1367237706169,21,Monday,23.13076,113.29176,0
1367237706901,21,Monday,23.13076,113.29193,0
1367237707633,21,Monday,23.1308,113.29205,0
1367237708365,21,Monday,23.1308,113.29266,0
1367237709097,21,Monday,23.13084,113.29399,0
1367237709829,21,Monday,23.13088,113.2952,0
1367237710561,21,Monday,23.13091,113.29534,0
1367237711293,21,Monday,23.13092,113.2955,0
1367237712025,21,Monday,23.13093,113.29684,0
1367237712757,21,Monday,23.13095,113.29731,0
1367237713489,21,Monday,23.13099,113.29779,0
1367237714221,21,Monday,23.13104,113.29827,0
1367237714953,21,Monday,23.13167,113.30193,0
1367237715685,21,Monday,23.13171,113.30223,0
1367237716417,21,Monday,23.13172,113.30274,0
1367237717149,21,Monday,23.13174,113.30309,0
1367237717881,21,Monday,23.13177,113.3032,0
1367237718613,21,Monday,23.13179,113.304,0
1367237719345,21,Monday,23.13182,113.30585,0
1367237720077,21,Monday,23.13181,113.3071,0
1367237720814,21,Monday,23.12755451,113.2922253,1
1367237724445,21,Monday,23.12783,113.29246,0
1367237728076,21,Monday,23.128,113.2922,0
1367237731707,21,Monday,23.12809,113.2921,0
1367237735338,21,Monday,23.12818,113.29204,0
1367237738969,21,Monday,23.12838,113.29198,0
1367237742600,21,Monday,23.12918,113.29188,0
1367237746231,21,Monday,23.12969,113.29183,0
1367237749862,21,Monday,23.12968,113.29168,0
1367237753493,21,Monday,23.12967,113.29108,0
1367237757124,21,Monday,23.12967,113.29092,0
1367237760755,21,Monday,23.12969,113.29085,0
1367237764386,21,Monday,23.12975,113.29081,0
1367237768017,21,Monday,23.12992,113.29067,0
1367237771648,21,Monday,23.13001,113.29058,0
1367237775279,21,Monday,23.13009,113.29041,0
1367237778910,21,Monday,23.13012,113.29023,0
1367237782541,21,Monday,23.13008,113.29006,0
1367237786172,21,Monday,23.13,113.28993,0
1367237789803,21,Monday,23.12989,113.28984,0
1367237793434,21,Monday,23.12937,113.28963,0
1367237797065,21,Monday,23.12891,113.28943,0
1367237800696,21,Monday,23.12826,113.28906,0
1367237804327,21,Monday,23.12811,113.28899,0
1367237807958,21,Monday,23.12791,113.28892,0
1367237811589,21,Monday,23.12743,113.28882,0
1367237815220,21,Monday,23.12727,113.28875,0
1367237818851,21,Monday,23.1272,113.28863,0
1367237822482,21,Monday,23.12714,113.28854,0
1367237826113,21,Monday,23.12708,113.2885,0
1367237829764,21,Monday,23.12683723,113.28846193,1
1367237834765,21,Monday,23.12685,113.28842,0
1367237839766,21,Monday,23.12649,113.28831,0
1367237844767,21,Monday,23.12633,113.28829,0
1367237849768,21,Monday,23.12619,113.28829,0
1367237854769,21,Monday,23.12611,113.28831,0
1367237859770,21,Monday,23.12605,113.28834,0
1367237864771,21,Monday,23.126,113.28842,0
1367237869772,21,Monday,23.12581,113.28888,0
1367237874773,21,Monday,23.12566,113.28881,0
1367237879774,21,Monday,23.12587,113.28825,0
1367237884775,21,Monday,23.12642,113.28682,0
1367237889776,21,Monday,23.12652,113.28652,0
1367237894777,21,Monday,23.12694,113.28489,0
1367237899778,21,Monday,23.12703,113.28455,0
1367237904779,21,Monday,23.12704,113.28437,0
1367237909780,21,Monday,23.12705,113.28402,0
1367237914781,21,Monday,23.12706,113.28158,0
1367237919782,21,Monday,23.1271,113.28094,0
1367237924783,21,Monday,23.12745,113.28097,0
1367237929784,21,Monday,23.1276,113.281,0
1367237934785,21,Monday,23.12782,113.28109,0
1367237939786,21,Monday,23.12835,113.28129,0
1367237944787,21,Monday,23.12852,113.28127,0
1367237949796,21,Monday,23.12885912,113.28126586,1
1367237954341,21,Monday,23.12962,113.2744,0
1367237958886,21,Monday,23.12939,113.27442,0
1367237963431,21,Monday,23.12924,113.27446,0
1367237967976,21,Monday,23.12876,113.27468,0
1367237972521,21,Monday,23.12849,113.27483,0
1367237977066,21,Monday,23.12824,113.27493,0
1367237981611,21,Monday,23.12734,113.27514,0
1367237986156,21,Monday,23.12656,113.27532,0
1367237990701,21,Monday,23.12664,113.27655,0
1367237995246,21,Monday,23.12671,113.27727,0
1367237999791,21,Monday,23.12678,113.27775,0
1367238004336,21,Monday,23.12691,113.27875,0
1367238008881,21,Monday,23.12698,113.27959,0
1367238013426,21,Monday,23.12701,113.28001,0
1367238017971,21,Monday,23.12701,113.28092,0
1367238022516,21,Monday,23.12699,113.28149,0
1367238027061,21,Monday,23.12697,113.28245,0
1367238031606,21,Monday,23.12706,113.28239,0
1367238036151,21,Monday,23.12706,113.28158,0
1367238040696,21,Monday,23.1271,113.28094,0
1367238045241,21,Monday,23.12745,113.28097,0
1367238049786,21,Monday,23.1276,113.281,0
1367238054331,21,Monday,23.12828,113.28127,0
1367238058876,21,Monday,23.12842,113.28129,0
1367238063421,21,Monday,23.12884,113.28119,0
1367238067983,21,Monday,23.12963207,113.27456632,1
1367238081647,21,Monday,23.12978,113.27698,0
1367238095311,21,Monday,23.12979,113.27681,0
1367238108975,21,Monday,23.12987,113.27641,0
1367238122639,21,Monday,23.13012,113.2757,0
1367238136303,21,Monday,23.13021,113.27531,0
1367238149967,21,Monday,23.13026,113.27437,0
1367238163631,21,Monday,23.12981,113.27439,0
1367238177295,21,Monday,23.12962,113.2744,0
1367238190964,21,Monday,23.12980305,113.27697872,1
1367238230921,21,Monday,23.12978,113.27698,0
1367238270878,21,Monday,23.12978,113.27693,0
1367238310836,21,Monday,23.12990057,113.27693647,1
1367238313196,21,Monday,23.13372,113.28495,0
1367238315556,21,Monday,23.13413,113.28492,0
1367238317916,21,Monday,23.13431,113.28497,0
1367238320276,21,Monday,23.13434,113.28501,0
1367238322636,21,Monday,23.13433,113.28505,0
1367238324996,21,Monday,23.13432,113.28506,0
1367238327356,21,Monday,23.13425,113.28506,0
1367238329716,21,Monday,23.13392,113.28504,0
1367238332076,21,Monday,23.13394,113.28516,0
1367238334436,21,Monday,23.13241,113.28517,0
1367238336796,21,Monday,23.13099,113.2852,0
1367238339156,21,Monday,23.13106,113.28501,0
1367238341516,21,Monday,23.1311,113.28487,0
1367238343876,21,Monday,23.13117,113.2846,0
1367238346236,21,Monday,23.13122,113.28437,0
1367238348596,21,Monday,23.13126,113.2841,0
1367238350956,21,Monday,23.13125,113.28267,0
1367238353316,21,Monday,23.13118,113.28244,0
1367238355676,21,Monday,23.13116,113.2814,0
1367238358036,21,Monday,23.13115,113.28096,0
1367238360396,21,Monday,23.13114,113.27995,0
1367238362756,21,Monday,23.13115,113.27861,0
1367238365116,21,Monday,23.13114,113.2781,0
1367238367476,21,Monday,23.1312,113.27791,0
1367238369836,21,Monday,23.13119,113.27759,0
1367238372196,21,Monday,23.13119,113.27733,0
1367238374556,21,Monday,23.13121,113.27727,0
1367238376916,21,Monday,23.13125,113.27721,0
1367238379276,21,Monday,23.13192,113.27686,0
1367238381636,21,Monday,23.132,113.27682,0
1367238383996,21,Monday,23.13198,113.27697,0
1367238386356,21,Monday,23.13197,113.2772,0
1367238388716,21,Monday,23.13193,113.2773,0
1367238391076,21,Monday,23.13153,113.2775,0
1367238393436,21,Monday,23.13137,113.27756,0
1367238395796,21,Monday,23.13123,113.27759,0
1367238398156,21,Monday,23.13101,113.27761,0
1367238400516,21,Monday,23.13084,113.27763,0
1367238402876,21,Monday,23.13069,113.27769,0
1367238405236,21,Monday,23.13052,113.27779,0
1367238407596,21,Monday,23.13034,113.27795,0
1367238409956,21,Monday,23.13022,113.27806,0
1367238412316,21,Monday,23.13003,113.2782,0
1367238414676,21,Monday,23.12996,113.27815,0
1367238417036,21,Monday,23.12991,113.2781,0
1367238419396,21,Monday,23.12989,113.27804,0
1367238421756,21,Monday,23.12988,113.27782,0
1367238424116,21,Monday,23.1298,113.27735,0
1367238426476,21,Monday,23.12978,113.27693,0
1367238428848,21,Monday,23.13363434,113.28493233,1
1367238431848,21,Monday,23.13372,113.28495,0
1367238434848,21,Monday,23.13413,113.28492,0
1367238437848,21,Monday,23.13431,113.28497,0
1367238440848,21,Monday,23.13434,113.28501,0
1367238443848,21,Monday,23.13433,113.28505,0
1367238446848,21,Monday,23.13432,113.28506,0
1367238449848,21,Monday,23.13425,113.28506,0
1367238452848,21,Monday,23.13392,113.28504,0
1367238455848,21,Monday,23.13394,113.28516,0
1367238458848,21,Monday,23.13394,113.28522,0
1367238461848,21,Monday,23.1344,113.28523,0
1367238464848,21,Monday,23.13478,113.28524,0
1367238467848,21,Monday,23.13563,113.28523,0
1367238470848,21,Monday,23.13626,113.28523,0
1367238473848,21,Monday,23.13631,113.28526,0
1367238476848,21,Monday,23.13636,113.28533,0
1367238479848,21,Monday,23.13639,113.28541,0
1367238482848,21,Monday,23.13648,113.28598,0
1367238485848,21,Monday,23.13626,113.28668,0
1367238488848,21,Monday,23.13627,113.28682,0
1367238491848,21,Monday,23.13614,113.28721,0
1367238494848,21,Monday,23.13607,113.28741,0
1367238497848,21,Monday,23.13586,113.28805,0
1367238500848,21,Monday,23.13559,113.2891,0
1367238503848,21,Monday,23.13549,113.28963,0
1367238506848,21,Monday,23.13538,113.2902,0
1367238509848,21,Monday,23.1352,113.29131,0
1367238512848,21,Monday,23.13516,113.29167,0
1367238515848,21,Monday,23.13492,113.29312,0
1367238518848,21,Monday,23.13464,113.29484,0
1367238521848,21,Monday,23.13443,113.29632,0
1367238524848,21,Monday,23.13442,113.29678,0
1367238527848,21,Monday,23.13443,113.29707,0
1367238530848,21,Monday,23.13436,113.29722,0
1367238533848,21,Monday,23.13436,113.29763,0
1367238536848,21,Monday,23.13436,113.29795,0
1367238539848,21,Monday,23.13436,113.29881,0
1367238542848,21,Monday,23.13437,113.30042,0
1367238545848,21,Monday,23.13436,113.30089,0
1367238548875,21,Monday,23.1340292,113.30088401,1
1367238553268,21,Monday,23.13436,113.30089,0
1367238557661,21,Monday,23.13438,113.3029,0
1367238562054,21,Monday,23.13443,113.30506,0
1367238566447,21,Monday,23.13444,113.30757,0
1367238570840,21,Monday,23.13446,113.30771,0
1367238575233,21,Monday,23.13453,113.30794,0
1367238579626,21,Monday,23.13452,113.30822,0
1367238584019,21,Monday,23.13446,113.30926,0
1367238588412,21,Monday,23.13442,113.30996,0
1367238592805,21,Monday,23.13437,113.31052,0
1367238597198,21,Monday,23.13427,113.31149,0
1367238601591,21,Monday,23.13416,113.31167,0
1367238605984,21,Monday,23.13403,113.31264,0
1367238610377,21,Monday,23.1338,113.315,0
1367238614770,21,Monday,23.13375,113.31503,0
1367238619163,21,Monday,23.13367,113.3151,0
1367238623556,21,Monday,23.13359,113.31523,0
1367238627949,21,Monday,23.13356,113.31536,0
1367238632342,21,Monday,23.13357,113.3155,0
1367238636735,21,Monday,23.13365,113.31567,0
1367238641128,21,Monday,23.13371,113.31575,0
1367238645521,21,Monday,23.13375,113.31579,0
1367238649914,21,Monday,23.13375,113.31604,0
1367238654307,21,Monday,23.13369,113.31763,0
1367238658700,21,Monday,23.13234,113.31693,0
1367238663093,21,Monday,23.13058,113.31598,0
1367238667486,21,Monday,23.13056,113.31597,0
1367238671885,21,Monday,23.13054956,113.31599705,1
1367238675254,21,Monday,23.12908,113.33016,0
1367238678623,21,Monday,23.12883,113.33156,0
1367238681992,21,Monday,23.12875,113.33255,0
1367238685361,21,Monday,23.12874,113.33308,0
1367238688730,21,Monday,23.12876,113.3335,0
1367238692099,21,Monday,23.12806,113.3334,0
1367238695468,21,Monday,23.12742,113.33331,0
1367238698837,21,Monday,23.12732,113.33326,0
1367238702206,21,Monday,23.12725,113.33317,0
1367238705575,21,Monday,23.12717,113.33301,0
1367238708944,21,Monday,23.12712,113.33281,0
1367238712313,21,Monday,23.12715,113.33226,0
1367238715682,21,Monday,23.12727,113.33038,0
1367238719051,21,Monday,23.1274,113.32814,0
1367238722420,21,Monday,23.12764,113.32452,0
1367238725789,21,Monday,23.12762,113.32431,0
1367238729158,21,Monday,23.12757,113.3241,0
1367238732527,21,Monday,23.12771,113.32184,0
1367238735896,21,Monday,23.12781,113.32164,0
1367238739265,21,Monday,23.12785,113.3216,0
1367238742634,21,Monday,23.12793,113.32153,0
1367238746003,21,Monday,23.12807,113.32147,0
1367238749372,21,Monday,23.12809,113.32122,0
1367238752741,21,Monday,23.128,113.3211,0
1367238756110,21,Monday,23.1279,113.32096,0
1367238759479,21,Monday,23.12786,113.32085,0
1367238762848,21,Monday,23.12788,113.32041,0
1367238766217,21,Monday,23.12793,113.31991,0
1367238769586,21,Monday,23.12795,113.31956,0
1367238772955,21,Monday,23.12806,113.31937,0
1367238776324,21,Monday,23.12827,113.31857,0
1367238779693,21,Monday,23.12848,113.31822,0
1367238783062,21,Monday,23.12955,113.31595,0
1367238786431,21,Monday,23.1296,113.31587,0
1367238789800,21,Monday,23.12977,113.3157,0
1367238793169,21,Monday,23.1299,113.31555,0
1367238796538,21,Monday,23.12992,113.31553,0
1367238799907,21,Monday,23.13032,113.3156,0
1367238803276,21,Monday,23.13032,113.31584,0
1367238806645,21,Monday,23.13056,113.31597,0
1367238810027,21,Monday,23.12913964,113.33017631,1
1367238814324,21,Monday,23.12856,113.34115,0
1367238818621,21,Monday,23.12773,113.34108,0
1367238822918,21,Monday,23.1276,113.34109,0
1367238827215,21,Monday,23.12747,113.3411,0
1367238831512,21,Monday,23.12652,113.34098,0
1367238835809,21,Monday,23.12667,113.33875,0
1367238840106,21,Monday,23.12672,113.33808,0
1367238844403,21,Monday,23.12677,113.3378,0
1367238848700,21,Monday,23.12697,113.33511,0
1367238852997,21,Monday,23.12708,113.33347,0
1367238857294,21,Monday,23.12713,113.33265,0
1367238861591,21,Monday,23.12735,113.32876,0
1367238865888,21,Monday,23.12748,113.32843,0
1367238870185,21,Monday,23.12759,113.32827,0
1367238874482,21,Monday,23.12768,113.32814,0
1367238878779,21,Monday,23.12772,113.3282,0
1367238883076,21,Monday,23.12777,113.32822,0
1367238887373,21,Monday,23.12913,113.32831,0
1367238891670,21,Monday,23.12919,113.32832,0
1367238895967,21,Monday,23.12921,113.32937,0
1367238900264,21,Monday,23.12917,113.32971,0
1367238904561,21,Monday,23.12908,113.33016,0
1367238908879,21,Monday,23.12852993,113.34158597,1
1367238912063,21,Monday,23.12894,113.34157,0
1367238915247,21,Monday,23.12894,113.34181,0
1367238918431,21,Monday,23.12883,113.34252,0
1367238921615,21,Monday,23.1288,113.34277,0
1367238924799,21,Monday,23.12881,113.3429,0
1367238927983,21,Monday,23.12892,113.34327,0
1367238931167,21,Monday,23.12792,113.34336,0
1367238934351,21,Monday,23.12628,113.34352,0
1367238937535,21,Monday,23.12603,113.34358,0
1367238940719,21,Monday,23.12589,113.34579,0
1367238943903,21,Monday,23.12594,113.34601,0
1367238947087,21,Monday,23.12593,113.3461,0
1367238950271,21,Monday,23.12589,113.34651,0
1367238953455,21,Monday,23.12579,113.3478,0
1367238956639,21,Monday,23.12555,113.34924,0
1367238959823,21,Monday,23.12514,113.3516,0
1367238963007,21,Monday,23.12501,113.35239,0
1367238966191,21,Monday,23.12474,113.35393,0
1367238969375,21,Monday,23.12432,113.35635,0
1367238972559,21,Monday,23.12392,113.35845,0
1367238975743,21,Monday,23.1238,113.35909,0
1367238978927,21,Monday,23.12372,113.35927,0
1367238982111,21,Monday,23.12367,113.35942,0
1367238985295,21,Monday,23.12345,113.36064,0
1367238988479,21,Monday,23.12325,113.36154,0
1367238991663,21,Monday,23.12345,113.36161,0
1367238994847,21,Monday,23.12358,113.36165,0
1367238998031,21,Monday,23.12363,113.36143,0
1367239001215,21,Monday,23.12395,113.36147,0
1367239004399,21,Monday,23.12399,113.36146,0
1367239007583,21,Monday,23.12402,113.36142,0
1367239010767,21,Monday,23.12406,113.36108,0
1367239013951,21,Monday,23.1241,113.36092,0
1367239017135,21,Monday,23.12415,113.36084,0
1367239020319,21,Monday,23.12423,113.36078,0
1367239023503,21,Monday,23.12432,113.36074,0
1367239026687,21,Monday,23.12443,113.36075,0
1367239029886,21,Monday,23.12479801,113.3607152,1
1367239034294,21,Monday,23.12361,113.36945,0
1367239038702,21,Monday,23.12298,113.36944,0
1367239043110,21,Monday,23.12247,113.36944,0
1367239047518,21,Monday,23.12213,113.36947,0
1367239051926,21,Monday,23.12157,113.36947,0
1367239056334,21,Monday,23.12146,113.36946,0
1367239060742,21,Monday,23.12123,113.36942,0
1367239065150,21,Monday,23.12162,113.36796,0
1367239069558,21,Monday,23.12217,113.36621,0
1367239073966,21,Monday,23.12259,113.3649,0
1367239078374,21,Monday,23.12274,113.36453,0
1367239082782,21,Monday,23.12328,113.36278,0
1367239087190,21,Monday,23.12345,113.36218,0
1367239091598,21,Monday,23.12358,113.36165,0
1367239096006,21,Monday,23.12363,113.36143,0
1367239100414,21,Monday,23.12378,113.36145,0
1367239104822,21,Monday,23.12397,113.36147,0
1367239109230,21,Monday,23.12401,113.36144,0
1367239113638,21,Monday,23.12403,113.36139,0
1367239118046,21,Monday,23.12408,113.36098,0
1367239122454,21,Monday,23.12413,113.36088,0
1367239126862,21,Monday,23.12419,113.36081,0
1367239131270,21,Monday,23.12427,113.36076,0
1367239135678,21,Monday,23.12437,113.36074,0
1367239140086,21,Monday,23.12449,113.36076,0
1367239144494,21,Monday,23.12476,113.36085,0
1367239148921,21,Monday,23.12360533,113.36955807,1
1367239153278,21,Monday,23.12361,113.36945,0
1367239157635,21,Monday,23.12298,113.36944,0
1367239161992,21,Monday,23.12247,113.36944,0
1367239166349,21,Monday,23.12213,113.36947,0
1367239170706,21,Monday,23.12157,113.36947,0
1367239175063,21,Monday,23.12146,113.36946,0
1367239179420,21,Monday,23.12123,113.36942,0
1367239183777,21,Monday,23.12162,113.36796,0
1367239188134,21,Monday,23.12217,113.36621,0
1367239192491,21,Monday,23.12259,113.3649,0
1367239196848,21,Monday,23.12274,113.36453,0
1367239201205,21,Monday,23.12328,113.36278,0
1367239205562,21,Monday,23.12345,113.36218,0
1367239209919,21,Monday,23.12379,113.36221,0
1367239214276,21,Monday,23.12506,113.36233,0
1367239218633,21,Monday,23.1271,113.36254,0
1367239222990,21,Monday,23.12739,113.36257,0
1367239227347,21,Monday,23.12821,113.36277,0
1367239231704,21,Monday,23.12848,113.36282,0
1367239236061,21,Monday,23.1288,113.36285,0
1367239240418,21,Monday,23.1288,113.36278,0
1367239244775,21,Monday,23.12868,113.36278,0
1367239249132,21,Monday,23.1283,113.36273,0
1367239253489,21,Monday,23.12767,113.36256,0
1367239257846,21,Monday,23.12733,113.36249,0
1367239262203,21,Monday,23.12626,113.36238,0
1367239266560,21,Monday,23.12447,113.3622,0
1367239270928,21,Monday,23.12449609,113.36188257,1
1367241858857,22,Monday,23.12449609,113.36188257,1
