timestamp,hour_of_day,day_of_week,latitude,longitude,original-data
1366848130555,09,Thursday,23.08797313,113.5204936,1
1366865001008,13,Thursday,23.08797313,113.5204936,1
1366866085803,14,Thursday,23.08797313,113.5204936,1
1366877292253,17,Thursday,23.08797313,113.5204936,1
1366888517017,20,Thursday,23.10410166,113.44255573,1
1366888532807,20,Thursday,23.10381,113.44303,0
1366888548597,20,Thursday,23.1033,113.4427,0
1366888564387,20,Thursday,23.10284,113.44244,0
1366888580177,20,Thursday,23.10266,113.44237,0
1366888595967,20,Thursday,23.10251,113.44239,0
1366888611757,20,Thursday,23.10121,113.44304,0
1366888627547,20,Thursday,23.10091,113.44251,0
1366888643337,20,Thursday,23.10044,113.44173,0
1366888659127,20,Thursday,23.10047,113.44119,0
1366888674917,20,Thursday,23.10056,113.43997,0
1366888690707,20,Thursday,23.10064,113.43945,0
1366888706497,20,Thursday,23.10119,113.43734,0
1366888722287,20,Thursday,23.10127,113.43722,0
1366888738077,20,Thursday,23.10136,113.43704,0
1366888753867,20,Thursday,23.10177,113.43601,0
1366888769657,20,Thursday,23.10214,113.43521,0
1366888785447,20,Thursday,23.10245,113.43463,0
1366888801237,20,Thursday,23.10256,113.43438,0
1366888817027,20,Thursday,23.10264,113.43415,0
1366888832817,20,Thursday,23.10273,113.43378,0
1366888848607,20,Thursday,23.10278,113.43349,0
1366888864397,20,Thursday,23.10282,113.43307,0
1366888880187,20,Thursday,23.10282,113.43276,0
1366888895977,20,Thursday,23.10276,113.43213,0
1366888911767,20,Thursday,23.10272,113.43187,0
1366888927557,20,Thursday,23.10241,113.43013,0
1366888943347,20,Thursday,23.10213,113.4287,0
1366888959137,20,Thursday,23.10214,113.4285,0
1366888974927,20,Thursday,23.10185,113.42705,0
1366888990717,20,Thursday,23.10175,113.42682,0
1366889006507,20,Thursday,23.10154,113.42582,0
1366889022297,20,Thursday,23.10123,113.42444,0
1366889038087,20,Thursday,23.10121,113.42432,0
1366889053877,20,Thursday,23.10119,113.42409,0
1366889069667,20,Thursday,23.10119,113.42368,0
1366889085457,20,Thursday,23.10123,113.42338,0
1366889101247,20,Thursday,23.10135,113.42274,0
1366889117037,20,Thursday,23.1014,113.42253,0
1366889132827,20,Thursday,23.10188,113.42128,0
1366889148617,20,Thursday,23.10229,113.42018,0
1366889164407,20,Thursday,23.1028,113.41884,0
1366889180197,20,Thursday,23.10313,113.41794,0
1366889195987,20,Thursday,23.1032,113.41779,0
1366889211777,20,Thursday,23.10324,113.41777,0
1366889227567,20,Thursday,23.10332,113.41777,0
1366889243357,20,Thursday,23.10341,113.41778,0
1366889259147,20,Thursday,23.10344,113.4177,0
1366889274937,20,Thursday,23.10351,113.4175,0
1366889290727,20,Thursday,23.10387,113.41659,0
1366889306517,20,Thursday,23.10429,113.41541,0
1366889322307,20,Thursday,23.10505,113.41337,0
1366889338097,20,Thursday,23.10602,113.41085,0
1366889353887,20,Thursday,23.10822,113.40498,0
1366889369677,20,Thursday,23.109,113.40291,0
1366889385467,20,Thursday,23.11011,113.40006,0
1366889401257,20,Thursday,23.11042,113.39921,0
1366889417047,20,Thursday,23.11073,113.39846,0
1366889432837,20,Thursday,23.11083,113.39826,0
1366889448627,20,Thursday,23.11108,113.39792,0
1366889464417,20,Thursday,23.11125,113.39774,0
1366889480207,20,Thursday,23.11149,113.3975,0
1366889495997,20,Thursday,23.11194,113.39713,0
1366889511787,20,Thursday,23.11267,113.39646,0
1366889527577,20,Thursday,23.11307,113.39605,0
1366889543367,20,Thursday,23.11341,113.39563,0
1366889559157,20,Thursday,23.1136,113.39537,0
1366889574947,20,Thursday,23.11404,113.39469,0
1366889590737,20,Thursday,23.11436,113.39408,0
1366889606527,20,Thursday,23.11489,113.39273,0
1366889622317,20,Thursday,23.1157,113.39053,0
1366889638107,20,Thursday,23.11588,113.38997,0
1366889653897,20,Thursday,23.11612,113.38922,0
1366889669687,20,Thursday,23.1166,113.38798,0
1366889685477,20,Thursday,23.11723,113.38622,0
1366889701267,20,Thursday,23.11769,113.38434,0
1366889717131,20,Thursday,23.11816823,113.38472181,1
1366889748609,20,Thursday,23.11822,113.38451,0
1366889780087,20,Thursday,23.11769,113.38434,0
1366889811565,20,Thursday,23.11824,113.38193,0
1366889843043,20,Thursday,23.1186,113.38038,0
1366889874521,20,Thursday,23.11881,113.37948,0
1366889905999,20,Thursday,23.11915,113.37824,0
1366889937477,20,Thursday,23.11941,113.37714,0
1366889968955,20,Thursday,23.11948,113.37649,0
1366890000433,20,Thursday,23.11985,113.37499,0
1366890031911,20,Thursday,23.11997,113.37451,0
1366890063389,20,Thursday,23.12045,113.37249,0
1366890094867,20,Thursday,23.12116,113.36965,0
1366890126345,20,Thursday,23.12167,113.3678,0
1366890157823,20,Thursday,23.12176,113.3675,0
1366890189301,20,Thursday,23.12282,113.36814,0
1366890220779,20,Thursday,23.1236,113.36861,0
1366890252257,20,Thursday,23.12374,113.36871,0
1366890283735,20,Thursday,23.12373,113.36836,0
1366890315213,20,Thursday,23.12264,113.36771,0
1366890346707,20,Thursday,23.12300101,113.36700036,1
1366890358830,20,Thursday,23.12264,113.36771,0
1366890370953,20,Thursday,23.12373,113.36836,0
1366890383076,20,Thursday,23.12374,113.36871,0
1366890395199,20,Thursday,23.1241,113.36896,0
1366890407322,20,Thursday,23.12428,113.3691,0
1366890419445,20,Thursday,23.12442,113.36923,0
1366890431568,20,Thursday,23.12472,113.36973,0
1366890443691,20,Thursday,23.12509,113.37048,0
1366890455814,20,Thursday,23.12516,113.37069,0
1366890467937,20,Thursday,23.12523,113.37103,0
1366890480060,20,Thursday,23.12526,113.37126,0
1366890492183,20,Thursday,23.12526,113.37153,0
1366890504306,20,Thursday,23.12505,113.37252,0
1366890516429,20,Thursday,23.12488,113.37328,0
1366890528552,20,Thursday,23.12479,113.37368,0
1366890540675,20,Thursday,23.12469,113.37417,0
1366890552798,20,Thursday,23.12378,113.37417,0
1366890564921,20,Thursday,23.12322,113.37419,0
1366890577044,20,Thursday,23.12247,113.37421,0
1366890589167,20,Thursday,23.12212,113.37424,0
1366890601290,20,Thursday,23.12172,113.37429,0
1366890613413,20,Thursday,23.12061,113.37443,0
1366890625536,20,Thursday,23.12039,113.37442,0
1366890637659,20,Thursday,23.12032,113.37439,0
1366890649782,20,Thursday,23.12025,113.37432,0
1366890661905,20,Thursday,23.1202,113.37424,0
1366890674028,20,Thursday,23.12018,113.37413,0
1366890686151,20,Thursday,23.12021,113.37389,0
1366890698274,20,Thursday,23.12035,113.37328,0
1366890710397,20,Thursday,23.12041,113.37304,0
1366890722520,20,Thursday,23.12043,113.3728,0
1366890734643,20,Thursday,23.12045,113.37249,0
1366890746766,20,Thursday,23.12064,113.37174,0
1366890758889,20,Thursday,23.12099,113.37031,0
1366890771012,20,Thursday,23.12162,113.36796,0
1366890783135,20,Thursday,23.12217,113.36621,0
1366890795258,20,Thursday,23.12259,113.3649,0
1366890807381,20,Thursday,23.12274,113.36453,0
1366890819504,20,Thursday,23.12328,113.36278,0
1366890831627,20,Thursday,23.12345,113.36218,0
1366890843750,20,Thursday,23.12379,113.36221,0
1366890855873,20,Thursday,23.12506,113.36233,0
1366890867996,20,Thursday,23.12621,113.36244,0
1366890880119,20,Thursday,23.1271,113.36254,0
1366890892242,20,Thursday,23.12739,113.36257,0
1366890904365,20,Thursday,23.12821,113.36277,0
1366890916488,20,Thursday,23.12848,113.36282,0
1366890928611,20,Thursday,23.1288,113.36285,0
1366890940734,20,Thursday,23.1288,113.36278,0
1366890952857,20,Thursday,23.12868,113.36278,0
1366890964980,20,Thursday,23.1283,113.36273,0
1366890977103,20,Thursday,23.12767,113.36256,0
1366890989226,20,Thursday,23.12733,113.36249,0
1366891001349,20,Thursday,23.12506,113.36226,0
1366891013472,20,Thursday,23.12487,113.36224,0
1366891025645,20,Thursday,23.12487002,113.36221849,1
