timestamp,hour_of_day,day_of_week,latitude,longitude,original-data,direction_of_movement
1366934695595,09,Friday,23.08848621,113.5215037,1,$
1366952336430,13,Friday,23.08848621,113.5215037,1,stat
1366960639548,16,Friday,23.13577368,113.50779497,1,W
1366961903168,16,Friday,23.13577368,113.50779497,1,stat
1366961966699,16,Friday,23.13531,113.5084,0,NW
1366962030230,16,Friday,23.13632,113.50926,0,NE
1366962093761,16,Friday,23.13642,113.50936,0,NE
1366962157292,16,Friday,23.13648,113.50941,0,NE
1366962220823,16,Friday,23.13636,113.50955,0,NW
1366962284354,16,Friday,23.13521,113.51101,0,NW
1366962347885,16,Friday,23.13516,113.51106,0,NW
1366962411416,16,Friday,23.13451,113.51188,0,NW
1366962474947,16,Friday,23.13429,113.51217,0,NW
1366962538478,16,Friday,23.13394,113.51275,0,NW
1366962602009,16,Friday,23.13391,113.5128,0,NW
1366962665540,16,Friday,23.13312,113.51299,0,W
1366962729071,16,Friday,23.13272,113.51314,0,W
1366962792602,16,Friday,23.12799,113.51485,0,W
1366962856133,16,Friday,23.12668,113.51528,0,W
1366962919664,16,Friday,23.12613,113.51544,0,W
1366962983195,16,Friday,23.12529,113.51557,0,W
1366963046726,16,Friday,23.12429,113.51562,0,W
1366963110257,16,Friday,23.12375,113.5156,0,E
1366963173788,16,Friday,23.12317,113.51552,0,E
1366963237319,17,Friday,23.12214,113.51535,0,E
1366963300850,17,Friday,23.11968,113.51502,0,E
1366963364381,17,Friday,23.1178,113.51475,0,E
1366963427912,17,Friday,23.11566,113.51445,0,E
1366963491443,17,Friday,23.11337,113.51411,0,E
1366963554974,17,Friday,23.11255,113.51395,0,E
1366963618505,17,Friday,23.11179,113.51372,0,E
1366963682036,17,Friday,23.11012,113.51314,0,E
1366963745567,17,Friday,23.10944,113.51301,0,E
1366963809098,17,Friday,23.10923,113.51298,0,E
1366963872629,17,Friday,23.1088,113.51299,0,W
1366963936160,17,Friday,23.10828,113.51304,0,W
1366963999691,17,Friday,23.10789,113.51312,0,W
1366964063222,17,Friday,23.10756,113.51321,0,W
1366964126753,17,Friday,23.10697,113.51345,0,W
1366964190284,17,Friday,23.10684,113.51351,0,NW
1366964253815,17,Friday,23.10674,113.51351,0,W
1366964317346,17,Friday,23.10553,113.51401,0,W
1366964380877,17,Friday,23.10375,113.51479,0,NW
1366964444408,17,Friday,23.10188,113.51563,0,NW
1366964507939,17,Friday,23.10069,113.51626,0,NW
1366964571470,17,Friday,23.09843,113.51759,0,NW
1366964635001,17,Friday,23.0969,113.51848,0,NW
1366964698532,17,Friday,23.09589,113.51899,0,NW
1366964762063,17,Friday,23.09562,113.5191,0,W
1366964825594,17,Friday,23.09546,113.51917,0,NW
1366964889125,17,Friday,23.09382,113.51965,0,W
1366964952656,17,Friday,23.09305,113.51979,0,W
1366965016187,17,Friday,23.09191,113.51995,0,W
1366965079718,17,Friday,23.08869,113.52023,0,W
1366965143249,17,Friday,23.08802,113.52035,0,W
1366965206780,17,Friday,23.0873,113.52059,0,W
1366965270311,17,Friday,23.08691,113.52075,0,W
1366965333842,17,Friday,23.08675,113.52086,0,NW
1366965397373,17,Friday,23.08656,113.52089,0,W
1366965460904,17,Friday,23.08628,113.5211,0,NW
1366965524435,17,Friday,23.08516,113.52208,0,NW
1366965587966,17,Friday,23.08479,113.52232,0,NW
1366965651497,17,Friday,23.08462,113.52232,0,W
1366965715028,17,Friday,23.08441,113.52226,0,E
1366965778559,17,Friday,23.08431,113.52217,0,SE
1366965842090,17,Friday,23.0842,113.522,0,SE
1366965905621,17,Friday,23.08393,113.52138,0,SE
1366965969152,17,Friday,23.08375,113.52056,0,S
1366966032683,17,Friday,23.08365,113.52013,0,S
1366966096214,17,Friday,23.08355,113.51984,0,S
1366966159745,17,Friday,23.08338,113.51957,0,SE
1366966223276,17,Friday,23.08318,113.51932,0,SE
1366966286807,17,Friday,23.08343,113.51923,0,W
1366966350338,17,Friday,23.08471,113.51877,0,W
1366966413921,17,Friday,23.08459565,113.51839067,1,S
1366970705534,19,Friday,23.08459565,113.51839067,1,stat
1366970706112,19,Friday,23.08471,113.51877,0,N
1366970706690,19,Friday,23.08318,113.51932,0,W
1366970707268,19,Friday,23.08306,113.51887,0,S
1366970707846,19,Friday,23.08287,113.51811,0,S
1366970708424,19,Friday,23.08258,113.5167,0,S
1366970709002,19,Friday,23.08224,113.51491,0,S
1366970709580,19,Friday,23.08217,113.51385,0,S
1366970710158,19,Friday,23.0822,113.51301,0,S
1366970710736,19,Friday,23.08245,113.51065,0,S
1366970711314,19,Friday,23.08255,113.50973,0,S
1366970711892,19,Friday,23.08286,113.50689,0,S
1366970712470,19,Friday,23.08303,113.50556,0,S
1366970713048,19,Friday,23.08315,113.5045,0,S
1366970713626,19,Friday,23.08319,113.50402,0,S
1366970714204,19,Friday,23.08317,113.50264,0,S
1366970714782,19,Friday,23.0831,113.50196,0,S
1366970715360,19,Friday,23.08301,113.50131,0,S
1366970715938,19,Friday,23.08297,113.50071,0,S
1366970716516,19,Friday,23.08297,113.50039,0,S
1366970717094,19,Friday,23.08303,113.49975,0,S
1366970717672,19,Friday,23.08312,113.49919,0,S
1366970718250,19,Friday,23.08325,113.49869,0,S
1366970718828,19,Friday,23.08333,113.49845,0,S
1366970719406,19,Friday,23.08352,113.49804,0,SW
1366970719984,19,Friday,23.08385,113.49745,0,SW
1366970720562,19,Friday,23.08439,113.49668,0,SW
1366970721140,19,Friday,23.0845,113.49653,0,SW
1366970721718,19,Friday,23.08567,113.49516,0,SW
1366970722296,19,Friday,23.08581,113.49497,0,SW
1366970722874,19,Friday,23.08605,113.49454,0,SW
1366970723452,19,Friday,23.08653,113.49347,0,SW
1366970724030,19,Friday,23.08658,113.49334,0,S
1366970724608,19,Friday,23.08674,113.49255,0,S
1366970725186,19,Friday,23.08716,113.49019,0,S
1366970725764,19,Friday,23.08754,113.48841,0,S
1366970726342,19,Friday,23.08772,113.4877,0,S
1366970726920,19,Friday,23.08782,113.4874,0,S
1366970727498,19,Friday,23.0879,113.48715,0,S
1366970728076,19,Friday,23.08812,113.48665,0,SW
1366970728654,19,Friday,23.08845,113.48609,0,SW
1366970729232,19,Friday,23.08898,113.48544,0,SW
1366970729810,19,Friday,23.08941,113.485,0,SW
1366970730388,19,Friday,23.08998,113.48446,0,SW
1366970730966,19,Friday,23.09143,113.48315,0,SW
1366970731544,19,Friday,23.09193,113.48265,0,SW
1366970732122,19,Friday,23.09227,113.48227,0,SW
1366970732700,19,Friday,23.09241,113.4821,0,SW
1366970733278,19,Friday,23.09258,113.48177,0,SW
1366970733856,19,Friday,23.09307,113.48056,0,S
1366970734434,19,Friday,23.09335,113.4796,0,S
1366970735012,19,Friday,23.09405,113.47686,0,S
1366970735590,19,Friday,23.09478,113.47408,0,S
1366970736168,19,Friday,23.09502,113.47329,0,S
1366970736746,19,Friday,23.09519,113.47279,0,S
1366970737324,19,Friday,23.09538,113.47226,0,S
1366970737902,19,Friday,23.09593,113.47099,0,SW
1366970738480,19,Friday,23.09618,113.47045,0,SW
1366970739058,19,Friday,23.09703,113.46878,0,SW
1366970739636,19,Friday,23.09772,113.46747,0,SW
1366970740214,19,Friday,23.09788,113.46715,0,SW
1366970740792,19,Friday,23.09794,113.46716,0,E
1366970741370,19,Friday,23.09965,113.46741,0,E
1366970741948,19,Friday,23.10037,113.46764,0,E
1366970742526,19,Friday,23.10107,113.46792,0,E
1366970743104,19,Friday,23.10378,113.46904,0,E
1366970743682,19,Friday,23.10583,113.46986,0,E
1366970744260,19,Friday,23.107,113.47032,0,E
1366970744838,19,Friday,23.10739,113.47043,0,E
1366970745416,19,Friday,23.10838,113.47059,0,E
1366970745994,19,Friday,23.10989,113.47075,0,E
1366970746572,19,Friday,23.11076,113.47084,0,E
1366970747150,19,Friday,23.11189,113.47097,0,E
1366970747728,19,Friday,23.11323,113.47112,0,E
1366970748306,19,Friday,23.11336,113.47108,0,W
1366970748884,19,Friday,23.11496,113.47117,0,E
1366970749462,19,Friday,23.11593,113.47122,0,E
1366970750040,19,Friday,23.11741,113.47126,0,E
1366970750618,19,Friday,23.11903,113.47128,0,E
1366970751196,19,Friday,23.11901,113.47113,0,S
1366970751774,19,Friday,23.11891,113.47087,0,S
1366970752352,19,Friday,23.11885,113.47064,0,S
1366970752930,19,Friday,23.11878,113.46928,0,S
1366970753508,19,Friday,23.11877,113.46907,0,S
1366970754086,19,Friday,23.11864,113.46907,0,W
1366970754664,19,Friday,23.11857,113.46907,0,W
1366970755242,19,Friday,23.11849,113.4691,0,W
1366970755820,19,Friday,23.11831,113.46913,0,W
1366970756434,19,Friday,23.11739497,113.46949605,1,W
