timestamp,hour_of_day,day_of_week,latitude,longitude,original-data,direction_of_movement
1364339740410,08,Wednesday,23.12492474,113.36224568,1,$
1364339753288,08,Wednesday,23.12492,113.36224,0,SE
1364339766166,08,Wednesday,23.12383,113.36215,0,E
1364339779044,08,Wednesday,23.12346,113.36212,0,E
1364339791922,08,Wednesday,23.12345,113.36218,0,N
1364339804800,08,Wednesday,23.12353,113.36218,0,E
1364339817678,08,Wednesday,23.12385,113.36222,0,E
1364339830556,08,Wednesday,23.12457,113.36228,0,E
1364339843434,08,Wednesday,23.12479,113.3623,0,E
1364339856318,08,Wednesday,23.12474928,113.36287379,1,N
1364340010530,08,Wednesday,23.1247648,113.36256759,1,S
1364340039460,08,Wednesday,23.12473,113.3623,0,S
1364340068390,08,Wednesday,23.12479,113.3623,0,E
1364340097321,08,Wednesday,23.12472375,113.36236247,1,NW
1364340109393,08,Wednesday,23.12473,113.3623,0,S
1364340121465,08,Wednesday,23.12675,113.3625,0,E
1364340133537,08,Wednesday,23.12727,113.36255,0,E
1364340145609,08,Wednesday,23.12767,113.36263,0,E
1364340157681,08,Wednesday,23.12832,113.3628,0,E
1364340169753,08,Wednesday,23.12872,113.36284,0,E
1364340181825,08,Wednesday,23.1288,113.36285,0,E
1364340193897,08,Wednesday,23.1288,113.36278,0,S
1364340205969,08,Wednesday,23.12848,113.36276,0,E
1364340218041,08,Wednesday,23.12791,113.36262,0,E
1364340230113,08,Wednesday,23.12746,113.36251,0,E
1364340242185,08,Wednesday,23.12672,113.36243,0,E
1364340254257,08,Wednesday,23.12527,113.36227,0,E
1364340266329,08,Wednesday,23.12402,113.36216,0,E
1364340278401,08,Wednesday,23.12353,113.36213,0,E
1364340290473,08,Wednesday,23.12346,113.36212,0,E
1364340302545,08,Wednesday,23.12358,113.36165,0,S
1364340314617,08,Wednesday,23.12363,113.36143,0,S
1364340326689,08,Wednesday,23.12378,113.36145,0,E
1364340338761,08,Wednesday,23.12397,113.36147,0,E
1364340350833,08,Wednesday,23.12401,113.36144,0,SW
1364340362905,08,Wednesday,23.12403,113.36139,0,S
1364340374977,08,Wednesday,23.12408,113.36098,0,S
1364340387049,08,Wednesday,23.12413,113.36088,0,SW
1364340399121,08,Wednesday,23.12419,113.36081,0,SW
1364340411193,08,Wednesday,23.12427,113.36076,0,SW
1364340423265,08,Wednesday,23.12437,113.36074,0,W
1364340435356,08,Wednesday,23.12475327,113.36151957,1,NE
1364340475563,08,Wednesday,23.12498,113.36094,0,S
1364340515770,08,Wednesday,23.12477,113.36086,0,E
1364340555979,08,Wednesday,23.12486523,113.36052528,1,S
1364340560308,08,Wednesday,23.12368,113.36945,0,N
1364340564637,08,Wednesday,23.12247,113.36944,0,E
1364340568966,08,Wednesday,23.12213,113.36947,0,W
1364340573295,08,Wednesday,23.12173,113.36947,0,W
1364340577624,08,Wednesday,23.12156,113.36947,0,W
1364340581953,08,Wednesday,23.12139,113.36945,0,E
1364340586282,08,Wednesday,23.12123,113.36942,0,E
1364340590611,08,Wednesday,23.12145,113.36856,0,S
1364340594940,08,Wednesday,23.12167,113.3678,0,S
1364340599269,08,Wednesday,23.12199,113.36677,0,S
1364340603598,08,Wednesday,23.12248,113.36523,0,S
1364340607927,08,Wednesday,23.12259,113.3649,0,S
1364340612256,08,Wednesday,23.12269,113.36469,0,SW
1364340616585,08,Wednesday,23.12277,113.36445,0,S
1364340620914,08,Wednesday,23.12327,113.36284,0,S
1364340625243,08,Wednesday,23.12346,113.36212,0,S
1364340629572,08,Wednesday,23.12363,113.36143,0,S
1364340633901,08,Wednesday,23.12395,113.36147,0,E
1364340638230,08,Wednesday,23.12399,113.36146,0,W
1364340642559,08,Wednesday,23.12402,113.36142,0,SW
1364340646888,08,Wednesday,23.12406,113.36108,0,S
1364340651217,08,Wednesday,23.1241,113.36092,0,S
1364340655546,08,Wednesday,23.12415,113.36084,0,SW
1364340659875,08,Wednesday,23.12423,113.36078,0,SW
1364340664204,08,Wednesday,23.12432,113.36074,0,SW
1364340668533,08,Wednesday,23.12443,113.36075,0,E
1364340672862,08,Wednesday,23.12477,113.36086,0,E
1364340677207,08,Wednesday,23.1236854,113.36965925,1,N
1364340679366,08,Wednesday,23.14078,113.37148,0,E
1364340681525,08,Wednesday,23.14,113.37339,0,N
1364340683684,08,Wednesday,23.13994,113.37355,0,N
1364340685843,08,Wednesday,23.1397,113.37386,0,NW
1364340688002,08,Wednesday,23.13962,113.37402,0,NW
1364340690161,08,Wednesday,23.13936,113.37464,0,NW
1364340692320,08,Wednesday,23.13893,113.37568,0,N
1364340694479,08,Wednesday,23.13877,113.37606,0,NW
1364340696638,08,Wednesday,23.13869,113.37621,0,NW
1364340698797,08,Wednesday,23.13857,113.37632,0,NW
1364340700956,08,Wednesday,23.13848,113.37637,0,NW
1364340703115,08,Wednesday,23.13821,113.37645,0,W
1364340705274,08,Wednesday,23.13759,113.3763,0,E
1364340707433,08,Wednesday,23.13705,113.37617,0,E
1364340709592,08,Wednesday,23.13627,113.37598,0,E
1364340711751,08,Wednesday,23.13586,113.37591,0,E
1364340713910,08,Wednesday,23.13549,113.37589,0,E
1364340716069,08,Wednesday,23.13516,113.37593,0,W
1364340718228,08,Wednesday,23.13487,113.37601,0,W
1364340720387,08,Wednesday,23.13466,113.37608,0,W
1364340722546,08,Wednesday,23.13446,113.37617,0,NW
1364340724705,08,Wednesday,23.13377,113.37649,0,NW
1364340726864,08,Wednesday,23.13346,113.37658,0,W
1364340729023,08,Wednesday,23.13316,113.37662,0,W
1364340731182,08,Wednesday,23.13283,113.37661,0,E
1364340733341,08,Wednesday,23.13252,113.37656,0,E
1364340735500,08,Wednesday,23.13223,113.37648,0,E
1364340737659,08,Wednesday,23.13004,113.37593,0,E
1364340739818,08,Wednesday,23.1283,113.37552,0,E
1364340741977,08,Wednesday,23.12714,113.37522,0,E
1364340744136,08,Wednesday,23.12687,113.37515,0,E
1364340746295,08,Wednesday,23.12675,113.37507,0,SE
1364340748454,08,Wednesday,23.12655,113.37499,0,E
1364340750613,08,Wednesday,23.12619,113.3748,0,SE
1364340752772,08,Wednesday,23.12588,113.37459,0,SE
1364340754931,08,Wednesday,23.1257,113.37445,0,SE
1364340757090,08,Wednesday,23.12545,113.3743,0,SE
1364340759249,08,Wednesday,23.12514,113.37421,0,E
1364340761408,08,Wednesday,23.12469,113.37417,0,E
1364340763567,08,Wednesday,23.12378,113.37417,0,W
1364340765726,08,Wednesday,23.12322,113.37419,0,W
1364340767885,08,Wednesday,23.12247,113.37421,0,W
1364340770044,08,Wednesday,23.12212,113.37424,0,W
1364340772203,08,Wednesday,23.1212,113.37436,0,W
1364340774362,08,Wednesday,23.12048,113.37443,0,W
1364340776521,08,Wednesday,23.12032,113.37439,0,E
1364340778680,08,Wednesday,23.12025,113.37432,0,SE
1364340780839,08,Wednesday,23.1202,113.37424,0,SE
1364340782998,08,Wednesday,23.12018,113.37404,0,S
1364340785157,08,Wednesday,23.12035,113.37328,0,S
1364340787316,08,Wednesday,23.12041,113.37304,0,S
1364340789475,08,Wednesday,23.12043,113.3728,0,S
1364340791634,08,Wednesday,23.12045,113.37249,0,S
1364340793793,08,Wednesday,23.12064,113.37174,0,S
1364340795993,08,Wednesday,23.13939261,113.37081109,1,W
1364340799177,08,Wednesday,23.14078,113.37148,0,NE
1364340802361,08,Wednesday,23.13763,113.37916,0,N
1364340805545,08,Wednesday,23.13704,113.38063,0,N
1364340808729,08,Wednesday,23.13678,113.3814,0,N
1364340811913,08,Wednesday,23.13655,113.38217,0,N
1364340815097,08,Wednesday,23.13559,113.38617,0,N
1364340818281,08,Wednesday,23.1348,113.38947,0,N
1364340821465,08,Wednesday,23.13423,113.39182,0,N
1364340824649,08,Wednesday,23.13398,113.39284,0,N
1364340827833,08,Wednesday,23.1339,113.39293,0,NW
1364340831017,08,Wednesday,23.13381,113.39307,0,NW
1364340834201,08,Wednesday,23.13373,113.39325,0,NW
1364340837385,08,Wednesday,23.13325,113.39515,0,N
1364340840569,08,Wednesday,23.1332,113.39527,0,NW
1364340843753,08,Wednesday,23.13312,113.39537,0,NW
1364340846937,08,Wednesday,23.13304,113.39545,0,NW
1364340850121,08,Wednesday,23.13224,113.39519,0,E
1364340853305,08,Wednesday,23.13189,113.39503,0,SE
1364340856489,08,Wednesday,23.13002,113.39405,0,SE
1364340859673,08,Wednesday,23.13026,113.39272,0,S
1364340862857,08,Wednesday,23.13051,113.39138,0,S
1364340866041,08,Wednesday,23.13078,113.39038,0,S
1364340869225,08,Wednesday,23.13118,113.3883,0,S
1364340872409,08,Wednesday,23.13132,113.3875,0,S
1364340875593,08,Wednesday,23.13256,113.38778,0,E
1364340878777,08,Wednesday,23.13344,113.38797,0,E
1364340881961,08,Wednesday,23.1337,113.38802,0,E
1364340885145,08,Wednesday,23.13382,113.38803,0,E
1364340888329,08,Wednesday,23.13387,113.3879,0,S
1364340891513,08,Wednesday,23.1342,113.3865,0,S
1364340894697,08,Wednesday,23.13435,113.38577,0,S
1364340897881,08,Wednesday,23.13538,113.38609,0,E
1364340901065,08,Wednesday,23.13559,113.38617,0,E
1364340904249,08,Wednesday,23.1363,113.3864,0,E
1364340907433,08,Wednesday,23.13636,113.3864,0,E
1364340910617,08,Wednesday,23.13682,113.38454,0,S
1364340913801,08,Wednesday,23.13683,113.38449,0,S
1364340917015,08,Wednesday,23.1371195,113.38457678,1,E
1364340919323,08,Wednesday,23.13221,113.40512,0,N
1364340921631,08,Wednesday,23.1325,113.40504,0,W
1364340923939,08,Wednesday,23.13251,113.40502,0,SW
1364340926247,08,Wednesday,23.13275,113.40505,0,E
1364340928555,08,Wednesday,23.13354,113.40492,0,W
1364340930863,08,Wednesday,23.13456,113.40471,0,W
1364340933171,08,Wednesday,23.13458,113.40472,0,NE
1364340935479,08,Wednesday,23.13464,113.40473,0,E
1364340937787,08,Wednesday,23.13467,113.40514,0,N
1364340940095,08,Wednesday,23.13401,113.40527,0,W
1364340942403,08,Wednesday,23.13356,113.40539,0,W
1364340944711,08,Wednesday,23.13332,113.40544,0,W
1364340947019,08,Wednesday,23.13279,113.40549,0,W
1364340949327,08,Wednesday,23.13206,113.40544,0,E
1364340951635,08,Wednesday,23.13194,113.40546,0,W
1364340953943,08,Wednesday,23.1318,113.40552,0,NW
1364340956251,08,Wednesday,23.13163,113.40566,0,NW
1364340958559,08,Wednesday,23.13154,113.40583,0,NW
1364340960867,08,Wednesday,23.13146,113.40609,0,N
1364340963175,08,Wednesday,23.1314,113.40618,0,NW
1364340965483,08,Wednesday,23.1313,113.4062,0,W
1364340967791,08,Wednesday,23.13114,113.40618,0,E
1364340970099,08,Wednesday,23.13108,113.40611,0,SE
1364340972407,08,Wednesday,23.13107,113.406,0,S
1364340974715,08,Wednesday,23.13111,113.40579,0,S
1364340977023,08,Wednesday,23.13116,113.40561,0,S
1364340979331,08,Wednesday,23.13117,113.40534,0,S
1364340981639,08,Wednesday,23.13116,113.40513,0,S
1364340983947,08,Wednesday,23.13124,113.40479,0,S
1364340986255,08,Wednesday,23.13169,113.40299,0,S
1364340988563,08,Wednesday,23.13264,113.3991,0,S
1364340990871,08,Wednesday,23.13277,113.39842,0,S
1364340993179,08,Wednesday,23.13337,113.39588,0,S
1364340995487,08,Wednesday,23.13402,113.39336,0,S
1364340997795,08,Wednesday,23.13419,113.39271,0,S
1364341000103,08,Wednesday,23.13442,113.39186,0,S
1364341002411,08,Wednesday,23.13498,113.38951,0,S
1364341004719,08,Wednesday,23.1358,113.38623,0,S
1364341007027,08,Wednesday,23.1367,113.38252,0,S
1364341009335,08,Wednesday,23.13678,113.38225,0,S
1364341011643,08,Wednesday,23.13697,113.38198,0,SW
1364341013951,08,Wednesday,23.1371,113.38157,0,S
1364341016259,08,Wednesday,23.13715,113.38159,0,E
1364341018567,08,Wednesday,23.13744,113.38161,0,E
1364341020875,08,Wednesday,23.13748,113.38162,0,E
1364341023183,08,Wednesday,23.13752,113.38166,0,NE
1364341025491,08,Wednesday,23.13753,113.38173,0,N
1364341027799,08,Wednesday,23.13751,113.38186,0,N
1364341030107,08,Wednesday,23.13718,113.38308,0,N
1364341032415,08,Wednesday,23.13702,113.3837,0,N
1364341034723,08,Wednesday,23.13683,113.38449,0,N
1364341037069,08,Wednesday,23.13219253,113.40503855,1,N
1364341038957,08,Wednesday,23.12621,113.42477,0,N
1364341040845,08,Wednesday,23.12696,113.42211,0,S
1364341042733,08,Wednesday,23.12755,113.41976,0,S
1364341044621,08,Wednesday,23.12782,113.41878,0,S
1364341046509,08,Wednesday,23.12794,113.41819,0,S
1364341048397,08,Wednesday,23.12818,113.41717,0,S
1364341050285,08,Wednesday,23.12893,113.41412,0,S
1364341052173,08,Wednesday,23.12983,113.41058,0,S
1364341054061,08,Wednesday,23.13035,113.40844,0,S
1364341055949,08,Wednesday,23.13082,113.40652,0,S
1364341057837,08,Wednesday,23.13113,113.40529,0,S
1364341059725,08,Wednesday,23.13169,113.40299,0,S
1364341061613,08,Wednesday,23.13264,113.3991,0,S
1364341063501,08,Wednesday,23.13304,113.39819,0,SW
1364341065389,08,Wednesday,23.13315,113.39797,0,SW
1364341067277,08,Wednesday,23.13327,113.39782,0,SW
1364341069165,08,Wednesday,23.13346,113.39767,0,SW
1364341071053,08,Wednesday,23.1337,113.39754,0,SW
1364341072941,08,Wednesday,23.13395,113.39745,0,W
1364341074829,08,Wednesday,23.13417,113.39743,0,W
1364341076717,08,Wednesday,23.13435,113.39746,0,E
1364341078605,08,Wednesday,23.13457,113.39757,0,NE
1364341080493,08,Wednesday,23.13474,113.39771,0,NE
1364341082381,08,Wednesday,23.13498,113.39804,0,NE
1364341084269,08,Wednesday,23.13511,113.39818,0,NE
1364341086157,08,Wednesday,23.13532,113.39834,0,NE
1364341088045,08,Wednesday,23.13538,113.39848,0,NE
1364341089933,08,Wednesday,23.13577,113.39924,0,NE
1364341091821,08,Wednesday,23.13654,113.40071,0,NE
1364341093709,08,Wednesday,23.13668,113.40125,0,N
1364341095597,08,Wednesday,23.13674,113.40158,0,N
1364341097485,08,Wednesday,23.13674,113.40257,0,N
1364341099373,08,Wednesday,23.13629,113.40248,0,E
1364341101261,08,Wednesday,23.13594,113.40239,0,E
1364341103149,08,Wednesday,23.13581,113.40238,0,E
1364341105037,08,Wednesday,23.13533,113.40241,0,W
1364341106925,08,Wednesday,23.13494,113.4025,0,W
1364341108813,08,Wednesday,23.13434,113.40264,0,W
1364341110701,08,Wednesday,23.13413,113.40269,0,W
1364341112589,08,Wednesday,23.13412,113.4026,0,S
1364341114477,08,Wednesday,23.13409,113.40246,0,S
1364341116365,08,Wednesday,23.13398,113.40225,0,SE
1364341118253,08,Wednesday,23.13388,113.40209,0,SE
1364341120141,08,Wednesday,23.13378,113.40199,0,SE
1364341122029,08,Wednesday,23.13359,113.40186,0,SE
1364341123917,08,Wednesday,23.13338,113.4018,0,E
1364341125805,08,Wednesday,23.13306,113.40181,0,W
1364341127693,08,Wednesday,23.13281,113.40192,0,NW
1364341129581,08,Wednesday,23.13255,113.40216,0,NW
1364341131469,08,Wednesday,23.13244,113.40234,0,NW
1364341133357,08,Wednesday,23.13238,113.4025,0,N
1364341135245,08,Wednesday,23.13234,113.40277,0,N
1364341137133,08,Wednesday,23.13236,113.40301,0,N
1364341139021,08,Wednesday,23.13218,113.40341,0,NW
1364341140909,08,Wednesday,23.13207,113.40369,0,N
1364341142797,08,Wednesday,23.13196,113.40412,0,N
1364341144685,08,Wednesday,23.13193,113.40462,0,N
1364341146573,08,Wednesday,23.13195,113.40495,0,N
1364341148461,08,Wednesday,23.13199,113.40505,0,N
1364341150349,08,Wednesday,23.13202,113.4051,0,NE
1364341152237,08,Wednesday,23.13207,113.40513,0,NE
1364341154125,08,Wednesday,23.13221,113.40512,0,W
1364341156030,08,Wednesday,23.1269252,113.42500813,1,N
1364341158719,08,Wednesday,23.12621,113.42477,0,E
1364341161408,08,Wednesday,23.12696,113.42211,0,S
1364341164097,08,Wednesday,23.12715,113.42138,0,S
1364341166786,08,Wednesday,23.12733,113.42107,0,SW
1364341169475,08,Wednesday,23.12738,113.42084,0,S
1364341172164,08,Wednesday,23.12757,113.42004,0,S
1364341174853,08,Wednesday,23.1277,113.41951,0,S
1364341177542,08,Wednesday,23.12799,113.41842,0,S
1364341180231,08,Wednesday,23.12794,113.4183,0,SE
1364341182920,08,Wednesday,23.1279,113.41827,0,SE
1364341185609,08,Wednesday,23.1278,113.41824,0,E
1364341188298,08,Wednesday,23.12774,113.41824,0,W
1364341190987,08,Wednesday,23.12766,113.4183,0,NW
1364341193676,08,Wednesday,23.12765,113.41835,0,N
1364341196365,08,Wednesday,23.12759,113.41858,0,N
1364341199054,08,Wednesday,23.12725,113.41993,0,N
1364341201743,08,Wednesday,23.12692,113.42115,0,N
1364341204432,08,Wednesday,23.12691,113.42131,0,N
1364341207121,08,Wednesday,23.12687,113.42149,0,N
1364341209810,08,Wednesday,23.12677,113.42188,0,N
1364341212499,08,Wednesday,23.12677,113.42197,0,N
1364341215188,08,Wednesday,23.12677,113.42204,0,N
1364341217877,08,Wednesday,23.1267,113.42228,0,N
1364341220566,08,Wednesday,23.12577,113.42556,0,N
1364341223255,08,Wednesday,23.12493,113.42853,0,N
1364341225944,08,Wednesday,23.12406,113.43168,0,N
1364341228633,08,Wednesday,23.12346,113.43393,0,N
1364341231322,08,Wednesday,23.12289,113.43614,0,N
1364341234011,08,Wednesday,23.1227,113.43686,0,N
1364341236700,08,Wednesday,23.12264,113.43696,0,NW
1364341239389,08,Wednesday,23.12256,113.43714,0,NW
1364341242078,08,Wednesday,23.12213,113.43874,0,N
1364341244767,08,Wednesday,23.12206,113.43902,0,N
1364341247456,08,Wednesday,23.12213,113.43918,0,NE
1364341250145,08,Wednesday,23.12232,113.43965,0,N
1364341252834,08,Wednesday,23.12272,113.43974,0,E
1364341255523,08,Wednesday,23.12267,113.44009,0,N
1364341258212,08,Wednesday,23.12257,113.44049,0,N
1364341260901,08,Wednesday,23.12235,113.44055,0,W
1364341263590,08,Wednesday,23.12223,113.44064,0,NW
1364341266279,08,Wednesday,23.12215,113.44074,0,NW
1364341268968,08,Wednesday,23.12209,113.44093,0,N
1364341271657,08,Wednesday,23.12195,113.44146,0,N
1364341274346,08,Wednesday,23.12158,113.44288,0,N
1364341277057,08,Wednesday,23.12215994,113.44306096,1,E
1364341282317,08,Wednesday,23.11664,113.46163,0,N
1364341287577,08,Wednesday,23.11708,113.45976,0,S
1364341292837,08,Wednesday,23.11753,113.45789,0,S
1364341298097,08,Wednesday,23.11806,113.45576,0,S
1364341303357,08,Wednesday,23.11865,113.45348,0,S
1364341308617,08,Wednesday,23.11908,113.45166,0,S
1364341313877,08,Wednesday,23.11942,113.45026,0,S
1364341319137,08,Wednesday,23.12035,113.44642,0,S
1364341324397,08,Wednesday,23.1213,113.44302,0,S
1364341329657,08,Wednesday,23.12143,113.44249,0,S
1364341334917,08,Wednesday,23.1215,113.44238,0,SW
1364341340177,08,Wednesday,23.12159,113.44217,0,SW
1364341345437,08,Wednesday,23.12232,113.43965,0,S
1364341350697,08,Wednesday,23.12272,113.43974,0,E
1364341355957,08,Wednesday,23.12267,113.44009,0,N
1364341361217,08,Wednesday,23.12257,113.44049,0,N
1364341366477,08,Wednesday,23.12235,113.44055,0,W
1364341371737,08,Wednesday,23.12223,113.44064,0,NW
1364341376997,08,Wednesday,23.12215,113.44074,0,NW
1364341382257,08,Wednesday,23.12209,113.44093,0,N
1364341387517,08,Wednesday,23.12195,113.44146,0,N
1364341392777,08,Wednesday,23.12158,113.44288,0,N
1364341398059,08,Wednesday,23.11755836,113.46187323,1,N
1364341404323,08,Wednesday,23.11692,113.48165,0,N
1364341410587,08,Wednesday,23.11495,113.48167,0,W
1364341416851,08,Wednesday,23.11409,113.48168,0,W
1364341423115,08,Wednesday,23.1141,113.48152,0,S
1364341429379,08,Wednesday,23.11417,113.48076,0,S
1364341435643,08,Wednesday,23.11432,113.47915,0,S
1364341441907,08,Wednesday,23.11457,113.47638,0,S
1364341448171,08,Wednesday,23.11472,113.47443,0,S
1364341454435,08,Wednesday,23.11481,113.47324,0,S
1364341460699,08,Wednesday,23.11492,113.47211,0,S
1364341466963,08,Wednesday,23.11493,113.47197,0,S
1364341473227,08,Wednesday,23.1149,113.47179,0,S
1364341479491,08,Wednesday,23.11495,113.4713,0,S
1364341485755,08,Wednesday,23.11524,113.46875,0,S
1364341492019,08,Wednesday,23.11551,113.46689,0,S
1364341498283,08,Wednesday,23.11598,113.46468,0,S
1364341504547,08,Wednesday,23.11658,113.46191,0,S
1364341510811,08,Wednesday,23.11664,113.46163,0,S
1364341517080,08,Wednesday,23.1169199,113.48118383,1,N
1364341518302,08,Wednesday,23.11692,113.48165,0,N
1364341519524,08,Wednesday,23.11495,113.48167,0,W
1364341520746,08,Wednesday,23.11409,113.48168,0,W
1364341521968,08,Wednesday,23.1141,113.48152,0,S
1364341523190,08,Wednesday,23.11417,113.48076,0,S
1364341524412,08,Wednesday,23.11432,113.47915,0,S
1364341525634,08,Wednesday,23.11457,113.47638,0,S
1364341526856,08,Wednesday,23.11472,113.47443,0,S
1364341528078,08,Wednesday,23.11481,113.47324,0,S
1364341529300,08,Wednesday,23.11492,113.47211,0,S
1364341530522,08,Wednesday,23.11493,113.47197,0,S
1364341531744,08,Wednesday,23.1149,113.47179,0,S
1364341532966,08,Wednesday,23.11495,113.4713,0,S
1364341534188,08,Wednesday,23.11524,113.46875,0,S
1364341535410,08,Wednesday,23.11551,113.46689,0,S
1364341536632,08,Wednesday,23.11598,113.46468,0,S
1364341537854,08,Wednesday,23.11658,113.46191,0,S
1364341539076,08,Wednesday,23.11708,113.45976,0,S
1364341540298,08,Wednesday,23.11791,113.45635,0,S
1364341541520,08,Wednesday,23.11883,113.45273,0,S
1364341542742,08,Wednesday,23.11942,113.45026,0,S
1364341543964,08,Wednesday,23.12035,113.44642,0,S
1364341545186,08,Wednesday,23.1213,113.44302,0,S
1364341546408,08,Wednesday,23.12143,113.44249,0,S
1364341547630,08,Wednesday,23.1215,113.44238,0,SW
1364341548852,08,Wednesday,23.12159,113.44217,0,SW
1364341550074,08,Wednesday,23.1221,113.4404,0,S
1364341551296,08,Wednesday,23.12201,113.44029,0,SE
1364341552518,08,Wednesday,23.12195,113.44025,0,SE
1364341553740,08,Wednesday,23.12185,113.44023,0,E
1364341554962,08,Wednesday,23.12175,113.44029,0,NW
1364341556184,08,Wednesday,23.12137,113.44206,0,N
1364341557406,08,Wednesday,23.12133,113.44242,0,N
1364341558628,08,Wednesday,23.12119,113.44301,0,N
1364341559850,08,Wednesday,23.12025,113.44639,0,N
1364341561072,08,Wednesday,23.11949,113.44952,0,N
1364341562294,08,Wednesday,23.119,113.45146,0,N
1364341563516,08,Wednesday,23.11876,113.45238,0,N
1364341564738,08,Wednesday,23.11844,113.45365,0,N
1364341565960,08,Wednesday,23.1182,113.45457,0,N
1364341567182,08,Wednesday,23.1174,113.45794,0,N
1364341568404,08,Wednesday,23.11674,113.46068,0,N
1364341569626,08,Wednesday,23.11648,113.46187,0,N
1364341570848,08,Wednesday,23.11589,113.46468,0,N
1364341572070,08,Wednesday,23.11543,113.46687,0,N
1364341573292,08,Wednesday,23.11516,113.46874,0,N
1364341574514,08,Wednesday,23.11487,113.47129,0,N
1364341575736,08,Wednesday,23.11467,113.4732,0,N
1364341576958,08,Wednesday,23.11459,113.47428,0,N
1364341578180,08,Wednesday,23.11392,113.4815,0,N
1364341579402,08,Wednesday,23.11382,113.48245,0,N
1364341580624,08,Wednesday,23.1138,113.48291,0,N
1364341581846,08,Wednesday,23.1138,113.48322,0,N
1364341583068,08,Wednesday,23.11383,113.48358,0,N
1364341584290,08,Wednesday,23.11392,113.4842,0,N
1364341585512,08,Wednesday,23.11399,113.48462,0,N
1364341586734,08,Wednesday,23.11452,113.48678,0,N
1364341587956,08,Wednesday,23.11489,113.48835,0,N
1364341589178,08,Wednesday,23.11523,113.49013,0,N
1364341590400,08,Wednesday,23.11533,113.49108,0,N
1364341591622,08,Wednesday,23.11536,113.49206,0,N
1364341592844,08,Wednesday,23.1153,113.49311,0,N
1364341594066,08,Wednesday,23.11519,113.49403,0,N
1364341595288,08,Wednesday,23.11481,113.49679,0,N
1364341596510,08,Wednesday,23.11477,113.49737,0,N
1364341597732,08,Wednesday,23.11478,113.4979,0,N
1364341598954,08,Wednesday,23.11473,113.49855,0,N
1364341600176,08,Wednesday,23.11463,113.4994,0,N
1364341601398,08,Wednesday,23.11446,113.50042,0,N
1364341602620,08,Wednesday,23.11441,113.50083,0,N
1364341603842,08,Wednesday,23.11444,113.50112,0,N
1364341605064,08,Wednesday,23.11452,113.50131,0,NE
1364341606286,08,Wednesday,23.11465,113.5015,0,NE
1364341607508,08,Wednesday,23.1148,113.50163,0,NE
1364341608730,08,Wednesday,23.1149,113.50169,0,NE
1364341609952,08,Wednesday,23.1151,113.50176,0,E
1364341611174,08,Wednesday,23.1152,113.50177,0,E
1364341612396,08,Wednesday,23.11538,113.50175,0,W
1364341613618,08,Wednesday,23.11556,113.50169,0,W
1364341614840,08,Wednesday,23.11573,113.50159,0,SW
1364341616062,08,Wednesday,23.11587,113.50147,0,SW
1364341617284,08,Wednesday,23.11618,113.50107,0,SW
1364341618506,08,Wednesday,23.11638,113.50084,0,SW
1364341619728,08,Wednesday,23.11658,113.50069,0,SW
1364341620950,08,Wednesday,23.11683,113.50061,0,W
1364341622172,08,Wednesday,23.11707,113.50061,0,E
1364341623394,08,Wednesday,23.11731,113.50068,0,E
1364341624616,08,Wednesday,23.11742,113.50074,0,NE
1364341625838,08,Wednesday,23.11773,113.50092,0,NE
1364341627060,08,Wednesday,23.11778,113.50098,0,NE
1364341628282,08,Wednesday,23.11792,113.50117,0,NE
1364341629504,08,Wednesday,23.11809,113.50146,0,NE
1364341630726,08,Wednesday,23.1182,113.50167,0,NE
1364341631948,08,Wednesday,23.11815,113.50169,0,W
1364341633170,08,Wednesday,23.11778,113.50202,0,NW
1364341634392,08,Wednesday,23.11777,113.50203,0,NW
1364341635614,08,Wednesday,23.11777,113.50208,0,N
1364341636836,08,Wednesday,23.11788,113.50252,0,N
1364341638093,08,Wednesday,23.11812706,113.50251409,1,W
1364341639580,08,Wednesday,23.10595,113.5088,0,NW
1364341641067,08,Wednesday,23.10638,113.509,0,NE
1364341642554,08,Wednesday,23.10659,113.50913,0,NE
1364341644041,08,Wednesday,23.10681,113.50932,0,NE
1364341645528,08,Wednesday,23.10701,113.50956,0,NE
1364341647015,08,Wednesday,23.10727,113.50999,0,NE
1364341648502,08,Wednesday,23.10744,113.51033,0,NE
1364341649989,08,Wednesday,23.10749,113.51049,0,N
1364341651476,08,Wednesday,23.10766,113.51104,0,N
1364341652963,08,Wednesday,23.10778,113.5116,0,N
1364341654450,08,Wednesday,23.10783,113.51195,0,N
1364341655937,08,Wednesday,23.10778,113.51208,0,N
1364341657424,08,Wednesday,23.10776,113.51221,0,N
1364341658911,08,Wednesday,23.10778,113.51232,0,N
1364341660398,08,Wednesday,23.10772,113.51246,0,NW
1364341661885,08,Wednesday,23.10775,113.51246,0,E
1364341663372,08,Wednesday,23.10791,113.51251,0,E
1364341664859,08,Wednesday,23.10807,113.51255,0,E
1364341666346,08,Wednesday,23.10814,113.51255,0,E
1364341667833,08,Wednesday,23.10833,113.51248,0,W
1364341669320,08,Wednesday,23.10869,113.51232,0,SW
1364341670807,08,Wednesday,23.1088,113.51231,0,W
1364341672294,08,Wednesday,23.10885,113.51235,0,NE
1364341673781,08,Wednesday,23.109,113.51265,0,NE
1364341675268,08,Wednesday,23.10898,113.51322,0,N
1364341676755,08,Wednesday,23.10917,113.51322,0,E
1364341678242,08,Wednesday,23.10942,113.51324,0,E
1364341679729,08,Wednesday,23.1095,113.51326,0,E
1364341681216,08,Wednesday,23.10971,113.51319,0,W
1364341682703,08,Wednesday,23.1099,113.51322,0,E
1364341684190,08,Wednesday,23.11053,113.5134,0,E
1364341685677,08,Wednesday,23.1126,113.51411,0,E
1364341687164,08,Wednesday,23.11337,113.51426,0,E
1364341688651,08,Wednesday,23.11563,113.5146,0,E
1364341690138,08,Wednesday,23.1164,113.51472,0,E
1364341691625,08,Wednesday,23.11655,113.51479,0,NE
1364341693112,08,Wednesday,23.11667,113.5149,0,NE
1364341694599,08,Wednesday,23.1168,113.51505,0,NE
1364341696086,08,Wednesday,23.11693,113.51514,0,NE
1364341697573,08,Wednesday,23.1171,113.51517,0,E
1364341699060,08,Wednesday,23.11724,113.51513,0,W
1364341700547,08,Wednesday,23.11736,113.51503,0,SW
1364341702034,08,Wednesday,23.1174,113.51497,0,SW
1364341703521,08,Wednesday,23.11742,113.5149,0,S
1364341705008,08,Wednesday,23.11744,113.51476,0,S
1364341706495,08,Wednesday,23.11742,113.51466,0,S
1364341707982,08,Wednesday,23.11735,113.51452,0,SE
1364341709469,08,Wednesday,23.11725,113.51442,0,SE
1364341710956,08,Wednesday,23.11715,113.51438,0,E
1364341712443,08,Wednesday,23.11708,113.51437,0,E
1364341713930,08,Wednesday,23.11659,113.51185,0,S
1364341715417,08,Wednesday,23.11652,113.51157,0,S
1364341716904,08,Wednesday,23.11641,113.51139,0,SE
1364341718391,08,Wednesday,23.11608,113.50972,0,S
1364341719878,08,Wednesday,23.11554,113.50714,0,S
1364341721365,08,Wednesday,23.11529,113.50574,0,S
1364341722852,08,Wednesday,23.11522,113.50531,0,S
1364341724339,08,Wednesday,23.11504,113.50345,0,S
1364341725826,08,Wednesday,23.11501,113.50266,0,S
1364341727313,08,Wednesday,23.11526,113.5015,0,S
1364341728800,08,Wednesday,23.11534,113.50124,0,S
1364341730287,08,Wednesday,23.11543,113.50105,0,SW
1364341731774,08,Wednesday,23.11559,113.50082,0,SW
1364341733261,08,Wednesday,23.1159,113.50055,0,SW
1364341734748,08,Wednesday,23.1161,113.50044,0,SW
1364341736235,08,Wednesday,23.11634,113.50036,0,W
1364341737722,08,Wednesday,23.11655,113.50033,0,W
1364341739209,08,Wednesday,23.11682,113.50035,0,E
1364341740696,08,Wednesday,23.11708,113.50043,0,E
1364341742183,08,Wednesday,23.1173,113.50054,0,NE
1364341743670,08,Wednesday,23.11758,113.50076,0,NE
1364341745157,08,Wednesday,23.11792,113.50117,0,NE
1364341746644,08,Wednesday,23.11809,113.50146,0,NE
1364341748131,08,Wednesday,23.1182,113.50167,0,NE
1364341749618,08,Wednesday,23.11815,113.50169,0,W
1364341751105,08,Wednesday,23.11778,113.50202,0,NW
1364341752592,08,Wednesday,23.11777,113.50203,0,NW
1364341754079,08,Wednesday,23.11777,113.50208,0,N
1364341755566,08,Wednesday,23.11788,113.50252,0,N
1364341757081,08,Wednesday,23.10560502,113.5097846,1,NW
1364341758452,08,Wednesday,23.08631,113.51756,0,W
1364341759823,08,Wednesday,23.08614,113.51763,0,W
1364341761194,08,Wednesday,23.08597,113.51773,0,NW
1364341762565,08,Wednesday,23.08582,113.51786,0,NW
1364341763936,08,Wednesday,23.08572,113.51797,0,NW
1364341765307,08,Wednesday,23.08555,113.5183,0,NW
1364341766678,08,Wednesday,23.08547,113.51841,0,NW
1364341768049,08,Wednesday,23.08539,113.51849,0,NW
1364341769420,08,Wednesday,23.0852,113.51858,0,NW
1364341770791,08,Wednesday,23.08343,113.51923,0,W
1364341772162,08,Wednesday,23.08318,113.51932,0,W
1364341773533,08,Wednesday,23.08313,113.51913,0,S
1364341774904,08,Wednesday,23.08305,113.51882,0,S
1364341776275,08,Wednesday,23.08279,113.51777,0,S
1364341777646,08,Wednesday,23.0823,113.51525,0,S
1364341779017,08,Wednesday,23.08257,113.51519,0,W
1364341780388,08,Wednesday,23.08274,113.51523,0,E
1364341781759,08,Wednesday,23.08296,113.51536,0,NE
1364341783130,08,Wednesday,23.08337,113.51554,0,NE
1364341784501,08,Wednesday,23.08359,113.51563,0,E
1364341785872,08,Wednesday,23.08378,113.51568,0,E
1364341787243,08,Wednesday,23.08417,113.51567,0,W
1364341788614,08,Wednesday,23.08454,113.51567,0,E
1364341789985,08,Wednesday,23.08469,113.51565,0,W
1364341791356,08,Wednesday,23.08511,113.51559,0,W
1364341792727,08,Wednesday,23.08568,113.51557,0,W
1364341794098,08,Wednesday,23.08586,113.51556,0,W
1364341795469,08,Wednesday,23.08598,113.51554,0,W
1364341796840,08,Wednesday,23.08643,113.51533,0,SW
1364341798211,08,Wednesday,23.08677,113.51519,0,W
1364341799582,08,Wednesday,23.08704,113.5151,0,W
1364341800953,08,Wednesday,23.08734,113.51504,0,W
1364341802324,08,Wednesday,23.08791,113.51486,0,W
1364341803695,08,Wednesday,23.08835,113.51472,0,W
1364341805066,08,Wednesday,23.08849,113.51469,0,W
1364341806437,08,Wednesday,23.08986,113.51466,0,W
1364341807808,08,Wednesday,23.09058,113.51463,0,W
1364341809179,08,Wednesday,23.09176,113.5146,0,W
1364341810550,08,Wednesday,23.09309,113.51456,0,W
1364341811921,08,Wednesday,23.09342,113.51456,0,E
1364341813292,08,Wednesday,23.09392,113.51478,0,NE
1364341814663,08,Wednesday,23.09449,113.51505,0,NE
1364341816034,08,Wednesday,23.09564,113.51561,0,NE
1364341817405,08,Wednesday,23.09613,113.51567,0,E
1364341818776,08,Wednesday,23.09633,113.51572,0,E
1364341820147,08,Wednesday,23.09648,113.5158,0,NE
1364341821518,08,Wednesday,23.09666,113.51593,0,NE
1364341822889,08,Wednesday,23.09687,113.51611,0,NE
1364341824260,08,Wednesday,23.09704,113.5162,0,NE
1364341825631,08,Wednesday,23.09725,113.51628,0,E
1364341827002,08,Wednesday,23.09746,113.51629,0,E
1364341828373,08,Wednesday,23.09765,113.51627,0,W
1364341829744,08,Wednesday,23.09845,113.51611,0,W
1364341831115,08,Wednesday,23.09931,113.51598,0,W
1364341832486,08,Wednesday,23.09979,113.51587,0,W
1364341833857,08,Wednesday,23.10018,113.51574,0,W
1364341835228,08,Wednesday,23.10112,113.51536,0,W
1364341836599,08,Wednesday,23.10176,113.51516,0,W
1364341837970,08,Wednesday,23.10207,113.51505,0,W
1364341839341,08,Wednesday,23.10305,113.51463,0,SW
1364341840712,08,Wednesday,23.10347,113.51441,0,SW
1364341842083,08,Wednesday,23.10364,113.51429,0,SW
1364341843454,08,Wednesday,23.10419,113.51376,0,SW
1364341844825,08,Wednesday,23.10447,113.51357,0,SW
1364341846196,08,Wednesday,23.10495,113.51332,0,SW
1364341847567,08,Wednesday,23.10532,113.51316,0,SW
1364341848938,08,Wednesday,23.10562,113.51307,0,W
1364341850309,08,Wednesday,23.10639,113.51288,0,W
1364341851680,08,Wednesday,23.10677,113.5128,0,W
1364341853051,08,Wednesday,23.10712,113.5127,0,W
1364341854422,08,Wednesday,23.1075,113.51257,0,W
1364341855793,08,Wednesday,23.10762,113.51251,0,SW
1364341857164,08,Wednesday,23.10769,113.51247,0,SW
1364341858535,08,Wednesday,23.10772,113.51246,0,W
1364341859906,08,Wednesday,23.10778,113.51232,0,SW
1364341861277,08,Wednesday,23.10776,113.51221,0,S
1364341862648,08,Wednesday,23.10778,113.51208,0,S
1364341864019,08,Wednesday,23.10783,113.51195,0,S
1364341865390,08,Wednesday,23.10778,113.5116,0,S
1364341866761,08,Wednesday,23.10766,113.51104,0,S
1364341868132,08,Wednesday,23.10749,113.51049,0,S
1364341869503,08,Wednesday,23.10744,113.51033,0,S
1364341870874,08,Wednesday,23.10727,113.50999,0,SE
1364341872245,08,Wednesday,23.10701,113.50956,0,SE
1364341873616,08,Wednesday,23.10681,113.50932,0,SE
1364341874987,08,Wednesday,23.10659,113.50913,0,SE
1364341876358,08,Wednesday,23.10638,113.509,0,SE
1364341877729,08,Wednesday,23.10595,113.5088,0,SE
1364341879129,08,Wednesday,23.08715684,113.5172807,1,NW
1364341883231,08,Wednesday,23.08769,113.52045,0,N
1364341887333,08,Wednesday,23.0873,113.52059,0,W
1364341891435,08,Wednesday,23.08691,113.52075,0,W
1364341895537,08,Wednesday,23.08675,113.52086,0,NW
1364341899639,08,Wednesday,23.08656,113.52089,0,W
1364341903741,08,Wednesday,23.08628,113.5211,0,NW
1364341907843,08,Wednesday,23.08516,113.52208,0,NW
1364341911945,08,Wednesday,23.08479,113.52232,0,NW
1364341916047,08,Wednesday,23.08462,113.52232,0,W
1364341920149,08,Wednesday,23.08441,113.52226,0,E
1364341924251,08,Wednesday,23.08431,113.52217,0,SE
1364341928353,08,Wednesday,23.0842,113.522,0,SE
1364341932455,08,Wednesday,23.08393,113.52138,0,SE
1364341936557,08,Wednesday,23.08375,113.52056,0,S
1364341940659,08,Wednesday,23.08365,113.52013,0,S
1364341944761,08,Wednesday,23.08355,113.51984,0,S
1364341948863,08,Wednesday,23.08338,113.51957,0,SE
1364341952965,08,Wednesday,23.08318,113.51932,0,SE
1364341957067,08,Wednesday,23.08343,113.51923,0,W
1364341961169,08,Wednesday,23.0852,113.51858,0,W
1364341965271,08,Wednesday,23.08539,113.51849,0,SW
1364341969373,08,Wednesday,23.08547,113.51841,0,SW
1364341973475,08,Wednesday,23.08555,113.5183,0,SW
1364341977577,08,Wednesday,23.08572,113.51797,0,SW
1364341981679,08,Wednesday,23.08582,113.51786,0,SW
1364341985781,08,Wednesday,23.08597,113.51773,0,SW
1364341989883,08,Wednesday,23.08614,113.51763,0,SW
1364341993985,08,Wednesday,23.08631,113.51756,0,W
1364341998110,08,Wednesday,23.08729018,113.51890229,1,NE
1364342059107,08,Wednesday,23.08769,113.52045,0,N
1364342120105,08,Wednesday,23.08705571,113.52040636,1,E
1364342123208,08,Wednesday,23.08713,113.52065,0,N
1364342126311,08,Wednesday,23.08675,113.52086,0,NW
1364342129414,08,Wednesday,23.08656,113.52089,0,W
1364342132517,08,Wednesday,23.08628,113.5211,0,NW
1364342135620,08,Wednesday,23.08516,113.52208,0,NW
1364342138723,08,Wednesday,23.08501,113.52217,0,NW
1364342141826,08,Wednesday,23.08462,113.52244,0,NW
1364342144929,08,Wednesday,23.08407,113.52271,0,NW
1364342148032,08,Wednesday,23.08396,113.52279,0,NW
1364342151135,08,Wednesday,23.08384,113.52295,0,NW
1364342154238,08,Wednesday,23.0838,113.52307,0,N
1364342157341,08,Wednesday,23.0838,113.52326,0,N
1364342160444,08,Wednesday,23.0842,113.52447,0,N
1364342163547,08,Wednesday,23.08433,113.52494,0,N
1364342166650,08,Wednesday,23.08466,113.52582,0,N
1364342169753,08,Wednesday,23.08476,113.52602,0,NE
1364342172856,08,Wednesday,23.08485,113.52615,0,NE
1364342175959,08,Wednesday,23.08498,113.52654,0,N
1364342179062,08,Wednesday,23.0853,113.52747,0,N
1364342182165,08,Wednesday,23.08548,113.52795,0,N
1364342185268,08,Wednesday,23.08555,113.52792,0,SW
1364342188371,08,Wednesday,23.08534,113.52731,0,S
1364342191474,08,Wednesday,23.08504,113.52648,0,S
1364342194577,08,Wednesday,23.08489,113.52602,0,S
1364342197680,08,Wednesday,23.08489,113.52585,0,S
1364342200783,08,Wednesday,23.08488,113.52565,0,S
1364342203886,08,Wednesday,23.08482,113.52539,0,S
1364342206989,08,Wednesday,23.08457,113.52449,0,S
1364342210092,08,Wednesday,23.08456,113.52414,0,S
1364342213195,08,Wednesday,23.08455,113.52408,0,S
1364342216298,08,Wednesday,23.08481,113.52398,0,W
1364342219401,08,Wednesday,23.08517,113.52385,0,W
1364342222504,08,Wednesday,23.08613,113.52352,0,W
1364342225607,08,Wednesday,23.0865,113.52274,0,SW
1364342228710,08,Wednesday,23.0866,113.52259,0,SW
1364342231813,08,Wednesday,23.08701,113.52249,0,W
1364342234916,08,Wednesday,23.08764,113.52224,0,W
1364342238019,08,Wednesday,23.08778,113.52221,0,W
1364342241145,08,Wednesday,23.08764513,113.52156031,1,S
1364342260810,08,Wednesday,23.08778,113.52221,0,N
1364342280475,08,Wednesday,23.08795,113.52237,0,NE
1364342300140,08,Wednesday,23.08803,113.52251,0,NE
1364342319805,08,Wednesday,23.08808,113.52268,0,N
1364342339470,08,Wednesday,23.0881,113.52291,0,N
1364342359138,08,Wednesday,23.08878018,113.52283474,1,W
1364365946712,15,Wednesday,23.09424844,113.47764468,1,S
1364365958501,15,Wednesday,23.09431,113.47764,0,W
1364365970290,15,Wednesday,23.09423,113.47695,0,S
1364365982079,15,Wednesday,23.09405,113.47686,0,SE
1364365993868,15,Wednesday,23.09435,113.47571,0,S
1364366005657,15,Wednesday,23.09462,113.47466,0,S
1364366017446,15,Wednesday,23.09498,113.47338,0,S
1364366029235,15,Wednesday,23.09537,113.4723,0,S
1364366041024,15,Wednesday,23.09593,113.47098,0,SW
1364366052813,15,Wednesday,23.09633,113.47013,0,SW
1364366064602,15,Wednesday,23.09748,113.46794,0,SW
1364366076391,15,Wednesday,23.09868,113.46558,0,SW
1364366088180,15,Wednesday,23.10023,113.4625,0,SW
1364366099969,15,Wednesday,23.10044,113.46202,0,SW
1364366111758,15,Wednesday,23.10059,113.4616,0,S
1364366123547,15,Wednesday,23.10073,113.4611,0,S
1364366135336,15,Wednesday,23.10095,113.45992,0,S
1364366147125,15,Wednesday,23.10111,113.45911,0,S
1364366158914,15,Wednesday,23.10129,113.45785,0,S
1364366170703,15,Wednesday,23.10149,113.45498,0,S
1364366182492,15,Wednesday,23.10146,113.45365,0,S
1364366194281,15,Wednesday,23.10136,113.45212,0,S
1364366206070,15,Wednesday,23.10133,113.45166,0,S
1364366217859,15,Wednesday,23.10129,113.45112,0,S
1364366229648,15,Wednesday,23.10121,113.45068,0,S
1364366241437,15,Wednesday,23.10099,113.44979,0,S
1364366253226,15,Wednesday,23.10052,113.44814,0,S
1364366265015,15,Wednesday,23.10027,113.44721,0,S
1364366276804,15,Wednesday,23.10021,113.44688,0,S
1364366288593,15,Wednesday,23.10015,113.44606,0,S
1364366300382,15,Wednesday,23.10016,113.44568,0,S
1364366312171,15,Wednesday,23.10031,113.44393,0,S
1364366323960,15,Wednesday,23.10047,113.44119,0,S
1364366335749,15,Wednesday,23.10056,113.43997,0,S
1364366347538,15,Wednesday,23.10064,113.43945,0,S
1364366359327,15,Wednesday,23.10074,113.43906,0,S
1364366371116,15,Wednesday,23.10082,113.43905,0,W
1364366382905,15,Wednesday,23.10092,113.43899,0,SW
1364366394694,15,Wednesday,23.10118,113.43817,0,S
1364366406483,15,Wednesday,23.10139,113.43742,0,S
1364366418272,15,Wednesday,23.10138,113.43736,0,S
1364366430061,15,Wednesday,23.10133,113.43731,0,SE
1364366441850,15,Wednesday,23.10121,113.43725,0,SE
1364366453639,15,Wednesday,23.10117,113.43723,0,SE
1364366465428,15,Wednesday,23.10141,113.43627,0,S
1364366477217,15,Wednesday,23.10143,113.43621,0,S
1364366489006,15,Wednesday,23.10146,113.43616,0,SW
1364366500795,15,Wednesday,23.10153,113.4361,0,SW
1364366512584,15,Wednesday,23.10164,113.43605,0,SW
1364366524373,15,Wednesday,23.10226,113.43585,0,W
1364366536162,15,Wednesday,23.10323,113.4355,0,W
1364366547990,15,Wednesday,23.10313724,113.43516453,1,S
1364366556488,15,Wednesday,23.1243,113.39621,0,SW
1364366564986,15,Wednesday,23.12433,113.39651,0,N
1364366573484,15,Wednesday,23.12455,113.39725,0,N
1364366581982,15,Wednesday,23.12472,113.3986,0,N
1364366590480,15,Wednesday,23.12474,113.39915,0,N
1364366598978,15,Wednesday,23.12473,113.39953,0,N
1364366607476,15,Wednesday,23.12468,113.39993,0,N
1364366615974,15,Wednesday,23.12459,113.40034,0,N
1364366624472,15,Wednesday,23.12437,113.40096,0,N
1364366632970,15,Wednesday,23.12408,113.4015,0,NW
1364366641468,15,Wednesday,23.12396,113.40169,0,NW
1364366649966,15,Wednesday,23.12366,113.4021,0,NW
1364366658464,15,Wednesday,23.12309,113.4027,0,NW
1364366666962,15,Wednesday,23.12237,113.40343,0,NW
1364366675460,15,Wednesday,23.12196,113.40386,0,NW
1364366683958,15,Wednesday,23.12137,113.40447,0,NW
1364366692456,15,Wednesday,23.12096,113.40499,0,NW
1364366700954,15,Wednesday,23.1206,113.40559,0,NW
1364366709452,15,Wednesday,23.12043,113.40598,0,NW
1364366717950,15,Wednesday,23.12023,113.4067,0,N
1364366726448,15,Wednesday,23.12011,113.4074,0,N
1364366734946,15,Wednesday,23.11995,113.40845,0,N
1364366743444,15,Wednesday,23.11935,113.41256,0,N
1364366751942,15,Wednesday,23.11894,113.41528,0,N
1364366760440,15,Wednesday,23.11875,113.41613,0,N
1364366768938,15,Wednesday,23.11871,113.41625,0,N
1364366777436,15,Wednesday,23.11854,113.41677,0,N
1364366785934,15,Wednesday,23.11829,113.41747,0,N
1364366794432,15,Wednesday,23.11814,113.41781,0,NW
1364366802930,15,Wednesday,23.11747,113.41908,0,NW
1364366811428,15,Wednesday,23.11728,113.41941,0,NW
1364366819926,15,Wednesday,23.11621,113.42136,0,NW
1364366828424,15,Wednesday,23.11523,113.42317,0,NW
1364366836922,15,Wednesday,23.11453,113.42447,0,NW
1364366845420,15,Wednesday,23.11434,113.42476,0,NW
1364366853918,15,Wednesday,23.11417,113.42501,0,NW
1364366862416,15,Wednesday,23.11312,113.42634,0,NW
1364366870914,15,Wednesday,23.11217,113.42745,0,NW
1364366879412,15,Wednesday,23.11144,113.42832,0,NW
1364366887910,15,Wednesday,23.11067,113.42918,0,NW
1364366896408,15,Wednesday,23.11036,113.42949,0,NW
1364366904906,15,Wednesday,23.10997,113.42982,0,NW
1364366913404,15,Wednesday,23.1096,113.43011,0,NW
1364366921902,15,Wednesday,23.10901,113.43049,0,NW
1364366930400,15,Wednesday,23.10842,113.4308,0,NW
1364366938898,15,Wednesday,23.10809,113.43093,0,W
1364366947396,15,Wednesday,23.10587,113.4319,0,NW
1364366955894,15,Wednesday,23.10455,113.43251,0,NW
1364366964392,15,Wednesday,23.10428,113.4325,0,E
1364366972890,15,Wednesday,23.10398,113.43248,0,E
1364366981388,15,Wednesday,23.10371,113.43241,0,E
1364366989886,15,Wednesday,23.10352,113.43232,0,SE
1364366998384,15,Wednesday,23.10329,113.43213,0,SE
1364367006882,15,Wednesday,23.10312,113.43196,0,SE
1364367015380,15,Wednesday,23.10291,113.43192,0,E
1364367023878,15,Wednesday,23.10272,113.43187,0,E
1364367032376,15,Wednesday,23.1024,113.43183,0,E
1364367040874,15,Wednesday,23.10224,113.43184,0,W
1364367049372,15,Wednesday,23.10211,113.43188,0,W
1364367057870,15,Wednesday,23.10185,113.43207,0,NW
1364367066368,15,Wednesday,23.10176,113.43264,0,N
1364367074866,15,Wednesday,23.10171,113.43313,0,N
1364367083364,15,Wednesday,23.10168,113.43353,0,N
1364367091862,15,Wednesday,23.1017,113.4337,0,N
1364367100360,15,Wednesday,23.10173,113.43384,0,N
1364367108858,15,Wednesday,23.10179,113.43397,0,NE
1364367117356,15,Wednesday,23.10191,113.43414,0,NE
1364367125854,15,Wednesday,23.10209,113.43433,0,NE
1364367134352,15,Wednesday,23.10221,113.43441,0,NE
1364367142850,15,Wednesday,23.10233,113.43448,0,NE
1364367151348,15,Wednesday,23.1025,113.43452,0,E
1364367159846,15,Wednesday,23.10273,113.43452,0,E
1364367168344,15,Wednesday,23.10301,113.43447,0,W
1364367176842,15,Wednesday,23.1036,113.43431,0,W
1364367185340,15,Wednesday,23.10398,113.43426,0,W
1364367193838,15,Wednesday,23.10436,113.43424,0,W
1364367202336,15,Wednesday,23.10453,113.43423,0,W
1364367210834,15,Wednesday,23.10456,113.43426,0,NE
1364367219332,15,Wednesday,23.105,113.43451,0,NE
1364367227830,15,Wednesday,23.10484,113.4347,0,NW
1364367236328,15,Wednesday,23.10446,113.43504,0,NW
1364367244826,15,Wednesday,23.10426,113.43514,0,NW
1364367253324,15,Wednesday,23.10323,113.4355,0,W
1364367261875,15,Wednesday,23.12410083,113.39623729,1,SW
1364367285593,15,Wednesday,23.1243,113.39621,0,W
1364367309311,15,Wednesday,23.12433,113.39651,0,N
1364367333029,15,Wednesday,23.12455,113.39725,0,N
1364367356747,15,Wednesday,23.12464,113.39796,0,N
1364367380465,15,Wednesday,23.12306,113.39793,0,E
1364367404183,15,Wednesday,23.12239,113.39792,0,E
1364367427901,15,Wednesday,23.12227,113.39776,0,SE
1364367451619,15,Wednesday,23.12184,113.39736,0,SE
1364367475337,15,Wednesday,23.12169,113.39725,0,SE
1364367499055,15,Wednesday,23.12159,113.39721,0,E
1364367522773,15,Wednesday,23.12138,113.39711,0,SE
1364367546491,15,Wednesday,23.12102,113.39682,0,SE
1364367570209,15,Wednesday,23.12094,113.39673,0,SE
1364367593927,15,Wednesday,23.12078,113.39656,0,SE
1364367617645,16,Wednesday,23.12109,113.39666,0,E
1364367641363,16,Wednesday,23.12124,113.39668,0,E
1364367665081,16,Wednesday,23.12133,113.39669,0,E
1364367688799,16,Wednesday,23.12148,113.39674,0,E
1364367712517,16,Wednesday,23.1216,113.39678,0,E
1364367736235,16,Wednesday,23.12205,113.39683,0,E
1364367759953,16,Wednesday,23.12275,113.3969,0,E
1364367783671,16,Wednesday,23.12332,113.39687,0,W
1364367807410,16,Wednesday,23.12329049,113.39626191,1,S
1364367839683,16,Wednesday,23.11574,113.39018,0,SE
1364367871956,16,Wednesday,23.11727,113.39061,0,E
1364367904229,16,Wednesday,23.11903,113.39109,0,E
1364367936502,16,Wednesday,23.11995,113.39129,0,E
1364367968775,16,Wednesday,23.12074,113.39148,0,E
1364368001048,16,Wednesday,23.12238,113.3919,0,E
1364368033321,16,Wednesday,23.12348,113.39215,0,E
1364368065594,16,Wednesday,23.12356,113.39217,0,E
1364368097867,16,Wednesday,23.12394,113.39247,0,NE
1364368130140,16,Wednesday,23.12408,113.39265,0,NE
1364368162413,16,Wednesday,23.12419,113.39284,0,NE
1364368194686,16,Wednesday,23.12439,113.39334,0,N
1364368226959,16,Wednesday,23.12424,113.39478,0,N
1364368259232,16,Wednesday,23.12422,113.39533,0,N
1364368291505,16,Wednesday,23.1243,113.39623,0,N
1364368323778,16,Wednesday,23.12433,113.39651,0,N
1364368356051,16,Wednesday,23.12448,113.39701,0,N
1364368388324,16,Wednesday,23.12455,113.39725,0,N
1364368420597,16,Wednesday,23.12464,113.39796,0,N
1364368452870,16,Wednesday,23.12262,113.39793,0,E
1364368485143,16,Wednesday,23.12239,113.39792,0,E
1364368517416,16,Wednesday,23.12233,113.39783,0,SE
1364368549689,16,Wednesday,23.12219,113.39768,0,SE
1364368581962,16,Wednesday,23.12174,113.39728,0,SE
1364368614235,16,Wednesday,23.12163,113.39722,0,SE
1364368646508,16,Wednesday,23.12142,113.39713,0,SE
1364368678781,16,Wednesday,23.12125,113.39702,0,SE
1364368711054,16,Wednesday,23.12097,113.39677,0,SE
1364368743327,16,Wednesday,23.12078,113.39656,0,SE
1364368775600,16,Wednesday,23.12115,113.39667,0,E
1364368807873,16,Wednesday,23.12135,113.39669,0,E
1364368840146,16,Wednesday,23.12156,113.39677,0,E
1364368872419,16,Wednesday,23.12185,113.39681,0,E
1364368904692,16,Wednesday,23.12269,113.3969,0,E
1364368936965,16,Wednesday,23.12309,113.39688,0,W
1364368969238,16,Wednesday,23.12332,113.39687,0,W
1364369001545,16,Wednesday,23.11574551,113.39015487,1,SE
1364370225140,16,Wednesday,23.11574551,113.39015487,1,stat
1364370225406,16,Wednesday,23.08968,113.4867,0,N
1364370225672,16,Wednesday,23.08991,113.48558,0,S
1364370225938,16,Wednesday,23.08998,113.48539,0,S
1364370226204,16,Wednesday,23.09018,113.48478,0,S
1364370226470,16,Wednesday,23.08989,113.48455,0,SE
1364370226736,16,Wednesday,23.09035,113.48412,0,SW
1364370227002,16,Wednesday,23.09138,113.4832,0,SW
1364370227268,16,Wednesday,23.09182,113.48276,0,SW
1364370227534,16,Wednesday,23.09216,113.4824,0,SW
1364370227800,16,Wednesday,23.09239,113.48213,0,SW
1364370228066,16,Wednesday,23.09257,113.4818,0,SW
1364370228332,16,Wednesday,23.09287,113.48108,0,SW
1364370228598,16,Wednesday,23.09315,113.48031,0,S
1364370228864,16,Wednesday,23.0935,113.47902,0,S
1364370229130,16,Wednesday,23.09435,113.47571,0,S
1364370229396,16,Wednesday,23.09462,113.47466,0,S
1364370229662,16,Wednesday,23.09498,113.47338,0,S
1364370229928,16,Wednesday,23.09537,113.4723,0,S
1364370230194,16,Wednesday,23.09593,113.47098,0,SW
1364370230460,16,Wednesday,23.09633,113.47013,0,SW
1364370230726,16,Wednesday,23.09748,113.46794,0,SW
1364370230992,16,Wednesday,23.09868,113.46558,0,SW
1364370231258,16,Wednesday,23.10023,113.4625,0,SW
1364370231524,16,Wednesday,23.10044,113.46202,0,SW
1364370231790,16,Wednesday,23.10059,113.4616,0,S
1364370232056,16,Wednesday,23.10073,113.4611,0,S
1364370232322,16,Wednesday,23.10095,113.45992,0,S
1364370232588,16,Wednesday,23.10111,113.45911,0,S
1364370232854,16,Wednesday,23.10129,113.45785,0,S
1364370233120,16,Wednesday,23.10149,113.45498,0,S
1364370233386,16,Wednesday,23.10146,113.45365,0,S
1364370233652,16,Wednesday,23.10136,113.45212,0,S
1364370233918,16,Wednesday,23.10133,113.45166,0,S
1364370234184,16,Wednesday,23.10129,113.45112,0,S
1364370234450,16,Wednesday,23.10121,113.45068,0,S
1364370234716,16,Wednesday,23.10099,113.44979,0,S
1364370234982,16,Wednesday,23.10052,113.44814,0,S
1364370235248,16,Wednesday,23.10027,113.44721,0,S
1364370235514,16,Wednesday,23.10021,113.44688,0,S
1364370235780,16,Wednesday,23.10015,113.44606,0,S
1364370236046,16,Wednesday,23.10016,113.44568,0,S
1364370236312,16,Wednesday,23.10031,113.44393,0,S
1364370236578,16,Wednesday,23.10047,113.44119,0,S
1364370236844,16,Wednesday,23.10056,113.43997,0,S
1364370237110,16,Wednesday,23.10064,113.43945,0,S
1364370237376,16,Wednesday,23.10119,113.43734,0,S
1364370237642,16,Wednesday,23.10127,113.43722,0,SW
1364370237908,16,Wednesday,23.10136,113.43704,0,SW
1364370238174,16,Wednesday,23.10177,113.43601,0,S
1364370238440,16,Wednesday,23.10214,113.43521,0,SW
1364370238706,16,Wednesday,23.10245,113.43463,0,SW
1364370238972,16,Wednesday,23.10256,113.43438,0,SW
1364370239238,16,Wednesday,23.10264,113.43415,0,S
1364370239504,16,Wednesday,23.10273,113.43378,0,S
1364370239770,16,Wednesday,23.10278,113.43349,0,S
1364370240036,16,Wednesday,23.10282,113.43307,0,S
1364370240302,16,Wednesday,23.10282,113.43276,0,S
1364370240568,16,Wednesday,23.10276,113.43213,0,S
1364370240834,16,Wednesday,23.10272,113.43187,0,S
1364370241100,16,Wednesday,23.10241,113.43013,0,S
1364370241366,16,Wednesday,23.10213,113.4287,0,S
1364370241632,16,Wednesday,23.10214,113.4285,0,S
1364370241898,16,Wednesday,23.10185,113.42705,0,S
1364370242164,16,Wednesday,23.10175,113.42682,0,SE
1364370242430,16,Wednesday,23.10154,113.42582,0,S
1364370242696,16,Wednesday,23.10123,113.42444,0,S
1364370242962,16,Wednesday,23.10121,113.42432,0,S
1364370243228,16,Wednesday,23.10119,113.42409,0,S
1364370243494,16,Wednesday,23.10119,113.42368,0,S
1364370243760,16,Wednesday,23.10123,113.42338,0,S
1364370244026,16,Wednesday,23.10135,113.42274,0,S
1364370244292,16,Wednesday,23.1014,113.42253,0,S
1364370244558,16,Wednesday,23.10188,113.42128,0,S
1364370244824,16,Wednesday,23.10229,113.42018,0,S
1364370245090,16,Wednesday,23.1028,113.41884,0,S
1364370245356,16,Wednesday,23.10313,113.41794,0,S
1364370245622,16,Wednesday,23.1032,113.41779,0,SW
1364370245888,16,Wednesday,23.10324,113.41777,0,SW
1364370246154,16,Wednesday,23.10332,113.41777,0,E
1364370246420,16,Wednesday,23.10341,113.41778,0,E
1364370246686,16,Wednesday,23.10344,113.4177,0,S
1364370246952,16,Wednesday,23.10351,113.4175,0,S
1364370247218,16,Wednesday,23.10387,113.41659,0,S
1364370247484,16,Wednesday,23.10429,113.41541,0,S
1364370247750,16,Wednesday,23.10505,113.41337,0,S
1364370248016,16,Wednesday,23.10602,113.41085,0,S
1364370248282,16,Wednesday,23.10822,113.40498,0,S
1364370248548,16,Wednesday,23.109,113.40291,0,S
1364370248814,16,Wednesday,23.11011,113.40006,0,S
1364370249080,16,Wednesday,23.11042,113.39921,0,S
1364370249346,16,Wednesday,23.11073,113.39846,0,S
1364370249612,16,Wednesday,23.11083,113.39826,0,SW
1364370249878,16,Wednesday,23.11108,113.39792,0,SW
1364370250144,16,Wednesday,23.11125,113.39774,0,SW
1364370250410,16,Wednesday,23.11149,113.3975,0,SW
1364370250676,16,Wednesday,23.11194,113.39713,0,SW
1364370250942,16,Wednesday,23.11267,113.39646,0,SW
1364370251208,16,Wednesday,23.11307,113.39605,0,SW
1364370251474,16,Wednesday,23.11341,113.39563,0,SW
1364370251740,16,Wednesday,23.1136,113.39537,0,SW
1364370252006,16,Wednesday,23.11404,113.39469,0,SW
1364370252272,16,Wednesday,23.11436,113.39408,0,SW
1364370252538,16,Wednesday,23.11489,113.39273,0,S
1364370252804,16,Wednesday,23.1157,113.39053,0,S
1364370253070,16,Wednesday,23.11588,113.38997,0,S
1364370253336,16,Wednesday,23.11541,113.38987,0,E
1364370253602,16,Wednesday,23.11497,113.38975,0,E
1364370253868,16,Wednesday,23.11493,113.38989,0,N
1364370254134,16,Wednesday,23.11562,113.39015,0,E
1364370254400,16,Wednesday,23.11574,113.39018,0,E
1364370254670,16,Wednesday,23.08935324,113.48662552,1,N
1364384258572,20,Wednesday,23.08758795,113.52008057,1,N
1364384267747,20,Wednesday,23.08768,113.52045,0,N
1364384276922,20,Wednesday,23.0873,113.52059,0,W
1364384286097,20,Wednesday,23.08691,113.52075,0,W
1364384295272,20,Wednesday,23.08675,113.52086,0,NW
1364384304447,20,Wednesday,23.08656,113.52089,0,W
1364384313622,20,Wednesday,23.08628,113.5211,0,NW
1364384322797,20,Wednesday,23.08516,113.52208,0,NW
1364384331972,20,Wednesday,23.08501,113.52217,0,NW
1364384341147,20,Wednesday,23.08516,113.52239,0,NE
1364384350322,20,Wednesday,23.08531,113.52229,0,SW
1364384359497,20,Wednesday,23.08596,113.52171,0,SW
1364384368672,20,Wednesday,23.0867,113.52111,0,SW
1364384377847,20,Wednesday,23.08676,113.52106,0,SW
1364384387022,20,Wednesday,23.08688,113.52091,0,SW
1364384396197,20,Wednesday,23.08718,113.52076,0,SW
1364384405372,20,Wednesday,23.08804,113.52046,0,W
1364384414547,20,Wednesday,23.08834,113.52039,0,W
1364384423722,20,Wednesday,23.0887,113.52034,0,W
1364384432897,20,Wednesday,23.09192,113.52007,0,W
1364384442072,20,Wednesday,23.09307,113.51991,0,W
1364384451247,20,Wednesday,23.09384,113.51976,0,W
1364384460422,20,Wednesday,23.0955,113.51928,0,W
1364384469597,20,Wednesday,23.09566,113.51923,0,W
1364384478772,20,Wednesday,23.09588,113.51915,0,W
1364384487947,20,Wednesday,23.097,113.51865,0,SW
1364384497122,20,Wednesday,23.09828,113.5179,0,SW
1364384506297,20,Wednesday,23.10077,113.51642,0,SW
1364384515472,20,Wednesday,23.10213,113.51572,0,SW
1364384524647,20,Wednesday,23.10267,113.51546,0,SW
1364384533822,20,Wednesday,23.10472,113.51461,0,SW
1364384542997,20,Wednesday,23.1057,113.51419,0,SW
1364384552172,20,Wednesday,23.107,113.51362,0,SW
1364384561347,20,Wednesday,23.10705,113.51357,0,SW
1364384570522,20,Wednesday,23.10758,113.51338,0,W
1364384579697,20,Wednesday,23.10792,113.51328,0,W
1364384588872,20,Wednesday,23.1083,113.5132,0,W
1364384598047,20,Wednesday,23.10904,113.51315,0,W
1364384607222,20,Wednesday,23.10933,113.51315,0,E
1364384616397,20,Wednesday,23.10981,113.51324,0,E
1364384625572,20,Wednesday,23.11036,113.51339,0,E
1364384634747,20,Wednesday,23.11226,113.51403,0,E
1364384643922,20,Wednesday,23.11278,113.51418,0,E
1364384653097,20,Wednesday,23.11343,113.51433,0,E
1364384662272,20,Wednesday,23.11562,113.51465,0,E
1364384671447,20,Wednesday,23.11685,113.51486,0,E
1364384680622,20,Wednesday,23.11812,113.51503,0,E
1364384689797,20,Wednesday,23.1185,113.51508,0,E
1364384698972,20,Wednesday,23.1186,113.51513,0,NE
1364384708147,20,Wednesday,23.11895,113.51536,0,NE
1364384717322,20,Wednesday,23.11904,113.51546,0,NE
1364384726497,20,Wednesday,23.11912,113.5156,0,NE
1364384735672,20,Wednesday,23.11916,113.51574,0,N
1364384744847,20,Wednesday,23.11918,113.5159,0,N
1364384754022,20,Wednesday,23.11912,113.51619,0,N
1364384763197,20,Wednesday,23.11895,113.51643,0,NW
1364384772372,20,Wednesday,23.1187,113.51656,0,NW
1364384781547,20,Wednesday,23.11843,113.51659,0,W
1364384790722,20,Wednesday,23.11828,113.51655,0,E
1364384799897,20,Wednesday,23.11817,113.51648,0,SE
1364384809072,20,Wednesday,23.1181,113.51643,0,SE
1364384818247,20,Wednesday,23.11798,113.51629,0,SE
1364384827422,20,Wednesday,23.11791,113.51614,0,SE
1364384836597,20,Wednesday,23.11785,113.51595,0,S
1364384845772,20,Wednesday,23.11774,113.51521,0,S
1364384854947,20,Wednesday,23.11769,113.51491,0,S
1364384864122,20,Wednesday,23.11766,113.51473,0,S
1364384873297,20,Wednesday,23.11751,113.51408,0,S
1364384882472,20,Wednesday,23.11693,113.51267,0,S
1364384891647,20,Wednesday,23.11678,113.5122,0,S
1364384900822,20,Wednesday,23.11662,113.51191,0,SE
1364384909997,20,Wednesday,23.11659,113.51185,0,SE
1364384919172,20,Wednesday,23.11652,113.51157,0,S
1364384928347,20,Wednesday,23.11641,113.51139,0,SE
1364384937522,20,Wednesday,23.11628,113.51073,0,S
1364384946697,20,Wednesday,23.1158,113.50838,0,S
1364384955872,20,Wednesday,23.11537,113.50623,0,S
1364384965047,20,Wednesday,23.11528,113.50572,0,S
1364384974222,20,Wednesday,23.11511,113.50426,0,S
1364384983397,20,Wednesday,23.11502,113.50297,0,S
1364384992572,20,Wednesday,23.11498,113.50173,0,S
1364385001747,20,Wednesday,23.11485,113.49734,0,S
1364385010922,20,Wednesday,23.11496,113.49626,0,S
1364385020097,20,Wednesday,23.11528,113.49407,0,S
1364385029272,20,Wednesday,23.1154,113.4931,0,S
1364385038447,20,Wednesday,23.11544,113.49205,0,S
1364385047622,20,Wednesday,23.11542,113.49108,0,S
1364385056797,20,Wednesday,23.11534,113.49036,0,S
1364385065972,20,Wednesday,23.11531,113.49012,0,S
1364385075147,20,Wednesday,23.11497,113.48833,0,S
1364385084322,20,Wednesday,23.11459,113.48672,0,S
1364385093497,20,Wednesday,23.11407,113.4846,0,S
1364385102672,20,Wednesday,23.114,113.48419,0,S
1364385111847,20,Wednesday,23.11391,113.48357,0,S
1364385121022,20,Wednesday,23.11388,113.48291,0,S
1364385130197,20,Wednesday,23.1139,113.48246,0,S
1364385139372,20,Wednesday,23.114,113.48151,0,S
1364385148547,20,Wednesday,23.11472,113.47349,0,S
1364385157722,20,Wednesday,23.11496,113.47117,0,S
1364385166897,20,Wednesday,23.11524,113.46875,0,S
1364385176072,20,Wednesday,23.11551,113.46689,0,S
1364385185247,20,Wednesday,23.116,113.46465,0,S
1364385194422,20,Wednesday,23.11685,113.46071,0,S
1364385203597,20,Wednesday,23.11722,113.45915,0,S
1364385212772,20,Wednesday,23.11765,113.45736,0,S
1364385221947,20,Wednesday,23.11801,113.45598,0,S
1364385231122,20,Wednesday,23.11865,113.45348,0,S
1364385240297,20,Wednesday,23.12035,113.44642,0,S
1364385249472,20,Wednesday,23.12143,113.44249,0,S
1364385258647,20,Wednesday,23.12155,113.44228,0,SW
1364385267822,20,Wednesday,23.12163,113.44205,0,S
1364385276997,20,Wednesday,23.12217,113.44017,0,S
1364385286172,20,Wednesday,23.12232,113.43965,0,S
1364385295347,20,Wednesday,23.12272,113.43974,0,E
1364385304522,20,Wednesday,23.12277,113.43966,0,SW
1364385313697,20,Wednesday,23.12285,113.43875,0,S
1364385322872,20,Wednesday,23.12289,113.43843,0,S
1364385332047,20,Wednesday,23.12293,113.43825,0,S
1364385341222,20,Wednesday,23.12297,113.4381,0,S
1364385350397,20,Wednesday,23.12302,113.43796,0,S
1364385359572,20,Wednesday,23.12307,113.43796,0,E
1364385368747,20,Wednesday,23.12321,113.43795,0,W
1364385377922,20,Wednesday,23.12346,113.43794,0,W
1364385387097,20,Wednesday,23.12382,113.43794,0,E
1364385396272,20,Wednesday,23.12382,113.43802,0,N
1364385405535,20,Wednesday,23.12376849,113.43802259,1,W
1364385410057,20,Wednesday,23.1261,113.36839,0,S
1364385414579,20,Wednesday,23.12609,113.36843,0,N
1364385419101,20,Wednesday,23.12603,113.36845,0,W
1364385423623,20,Wednesday,23.12492,113.36856,0,W
1364385428145,20,Wednesday,23.12497,113.36935,0,N
1364385432667,20,Wednesday,23.12492,113.36944,0,NW
1364385437189,20,Wednesday,23.12483,113.36957,0,NW
1364385441711,20,Wednesday,23.12472,113.36973,0,NW
1364385446233,20,Wednesday,23.12489,113.37008,0,NE
1364385450755,20,Wednesday,23.12498,113.37025,0,NE
1364385455277,20,Wednesday,23.12513,113.37059,0,NE
1364385459799,20,Wednesday,23.1252,113.37084,0,N
1364385464321,20,Wednesday,23.12525,113.37113,0,N
1364385468843,20,Wednesday,23.12527,113.37133,0,N
1364385473365,20,Wednesday,23.12523,113.37174,0,N
1364385477887,20,Wednesday,23.12501,113.37271,0,N
1364385482409,20,Wednesday,23.12469,113.37417,0,N
1364385486931,20,Wednesday,23.12345,113.37419,0,W
1364385491453,20,Wednesday,23.12306,113.37428,0,W
1364385495975,20,Wednesday,23.12236,113.37442,0,W
1364385500497,20,Wednesday,23.12216,113.37445,0,W
1364385505019,20,Wednesday,23.12198,113.37449,0,W
1364385509541,20,Wednesday,23.1218,113.37449,0,W
1364385514063,20,Wednesday,23.12138,113.37451,0,W
1364385518585,20,Wednesday,23.12108,113.37454,0,W
1364385523107,20,Wednesday,23.12094,113.37458,0,W
1364385527629,20,Wednesday,23.12035,113.37463,0,W
1364385532151,20,Wednesday,23.12019,113.37463,0,W
1364385536673,20,Wednesday,23.11966,113.37457,0,E
1364385541195,20,Wednesday,23.11942,113.37451,0,E
1364385545717,20,Wednesday,23.11918,113.37443,0,E
1364385550239,20,Wednesday,23.11876,113.37427,0,E
1364385554761,20,Wednesday,23.11851,113.3742,0,E
1364385559283,20,Wednesday,23.11811,113.3742,0,W
1364385563805,20,Wednesday,23.11772,113.37425,0,W
1364385568327,20,Wednesday,23.11718,113.37437,0,W
1364385572849,20,Wednesday,23.11616,113.3743,0,E
1364385577371,20,Wednesday,23.11574,113.3743,0,W
1364385581893,20,Wednesday,23.11562,113.37431,0,W
1364385586415,20,Wednesday,23.11527,113.37432,0,W
1364385590937,20,Wednesday,23.11498,113.37421,0,E
1364385595459,20,Wednesday,23.11467,113.37423,0,W
1364385599981,20,Wednesday,23.11338,113.37424,0,W
1364385604503,21,Wednesday,23.11339,113.37449,0,N
1364385609025,21,Wednesday,23.11339,113.37457,0,N
1364385613547,21,Wednesday,23.11376,113.37457,0,E
1364385618069,21,Wednesday,23.11483,113.37457,0,E
1364385622591,21,Wednesday,23.11516,113.37447,0,W
1364385627113,21,Wednesday,23.11575,113.37448,0,E
1364385631635,21,Wednesday,23.11702,113.37453,0,E
1364385636157,21,Wednesday,23.11758,113.37456,0,E
1364385640679,21,Wednesday,23.11874,113.37475,0,E
1364385645201,21,Wednesday,23.11974,113.37489,0,E
1364385649723,21,Wednesday,23.1207,113.37497,0,E
1364385654245,21,Wednesday,23.12205,113.37506,0,E
1364385658767,21,Wednesday,23.12348,113.37508,0,E
1364385663289,21,Wednesday,23.12419,113.37507,0,W
1364385667811,21,Wednesday,23.12456,113.37505,0,W
1364385672333,21,Wednesday,23.12514,113.37506,0,E
1364385676855,21,Wednesday,23.12585,113.37514,0,E
1364385681377,21,Wednesday,23.12613,113.37519,0,E
1364385685899,21,Wednesday,23.12707,113.37539,0,E
1364385690421,21,Wednesday,23.12783,113.37559,0,E
1364385694943,21,Wednesday,23.12944,113.37599,0,E
1364385699465,21,Wednesday,23.13066,113.37632,0,E
1364385703987,21,Wednesday,23.13235,113.37673,0,E
1364385708509,21,Wednesday,23.13284,113.3768,0,E
1364385713031,21,Wednesday,23.1331,113.3768,0,E
1364385717553,21,Wednesday,23.13331,113.37678,0,W
1364385722075,21,Wednesday,23.13354,113.37672,0,W
1364385726597,21,Wednesday,23.13396,113.37658,0,W
1364385731119,21,Wednesday,23.13461,113.37626,0,SW
1364385735641,21,Wednesday,23.13501,113.37609,0,SW
1364385740163,21,Wednesday,23.13521,113.37605,0,W
1364385744685,21,Wednesday,23.13539,113.37602,0,W
1364385749207,21,Wednesday,23.13566,113.37602,0,E
1364385753729,21,Wednesday,23.13625,113.3761,0,E
1364385758251,21,Wednesday,23.13813,113.37656,0,E
1364385762773,21,Wednesday,23.13832,113.37682,0,NE
1364385767295,21,Wednesday,23.13834,113.3769,0,N
1364385771817,21,Wednesday,23.13835,113.37704,0,N
1364385776339,21,Wednesday,23.1383,113.37721,0,N
1364385780861,21,Wednesday,23.13805,113.37758,0,NW
1364385785383,21,Wednesday,23.13786,113.37794,0,NW
1364385789905,21,Wednesday,23.13727,113.37955,0,N
1364385794427,21,Wednesday,23.13717,113.37981,0,N
1364385798949,21,Wednesday,23.13701,113.38039,0,N
1364385803471,21,Wednesday,23.13683,113.38091,0,N
1364385807993,21,Wednesday,23.13672,113.38127,0,N
1364385812515,21,Wednesday,23.13654,113.38186,0,N
1364385817037,21,Wednesday,23.13655,113.38217,0,N
1364385821559,21,Wednesday,23.13617,113.3838,0,N
1364385826081,21,Wednesday,23.13546,113.38673,0,N
1364385830603,21,Wednesday,23.13441,113.39105,0,N
1364385835125,21,Wednesday,23.13391,113.39317,0,N
1364385839647,21,Wednesday,23.13334,113.39554,0,N
1364385844169,21,Wednesday,23.13269,113.39817,0,N
1364385848691,21,Wednesday,23.1326,113.39839,0,N
1364385853213,21,Wednesday,23.13245,113.39903,0,N
1364385857735,21,Wednesday,23.13243,113.3991,0,N
1364385862257,21,Wednesday,23.1317,113.40212,0,N
1364385866779,21,Wednesday,23.13096,113.40508,0,N
1364385871301,21,Wednesday,23.1306,113.40654,0,N
1364385875823,21,Wednesday,23.12985,113.4096,0,N
1364385880345,21,Wednesday,23.12879,113.41407,0,N
1364385884867,21,Wednesday,23.12808,113.4169,0,N
1364385889389,21,Wednesday,23.12803,113.41713,0,N
1364385893911,21,Wednesday,23.12772,113.41846,0,N
1364385898433,21,Wednesday,23.1274,113.41976,0,N
1364385902955,21,Wednesday,23.12708,113.42099,0,N
1364385907477,21,Wednesday,23.12676,113.42206,0,N
1364385911999,21,Wednesday,23.12521,113.42753,0,N
1364385916521,21,Wednesday,23.12408,113.43158,0,N
1364385921043,21,Wednesday,23.12356,113.43355,0,N
1364385925565,21,Wednesday,23.12322,113.43484,0,N
1364385930087,21,Wednesday,23.1227,113.43686,0,N
1364385934609,21,Wednesday,23.1226,113.43704,0,NW
1364385939131,21,Wednesday,23.12252,113.43724,0,N
1364385943653,21,Wednesday,23.12223,113.43831,0,N
1364385948175,21,Wednesday,23.12206,113.43902,0,N
1364385952697,21,Wednesday,23.12223,113.43944,0,N
1364385957219,21,Wednesday,23.12232,113.43965,0,NE
1364385961741,21,Wednesday,23.12272,113.43974,0,E
1364385966263,21,Wednesday,23.12277,113.43966,0,SW
1364385970785,21,Wednesday,23.12285,113.43875,0,S
1364385975307,21,Wednesday,23.12289,113.43843,0,S
1364385979829,21,Wednesday,23.12293,113.43825,0,S
1364385984351,21,Wednesday,23.12297,113.4381,0,S
1364385988873,21,Wednesday,23.12302,113.43796,0,S
1364385993395,21,Wednesday,23.12307,113.43796,0,E
1364385997917,21,Wednesday,23.12321,113.43795,0,W
1364386002439,21,Wednesday,23.12346,113.43794,0,W
1364386006961,21,Wednesday,23.12382,113.43794,0,E
1364386011483,21,Wednesday,23.12382,113.43802,0,N
1364386016099,21,Wednesday,23.12826418,113.36846124,1,S
